Id,Time[ns],0:UART: RX/TX
1,32456600.00,FF
2,32467650.00,FF
3,32478650.00,02
4,32489700.00,04
5,32500700.00,02
6,32511700.00,38
7,32562800.00,11
8,32643950.00,AE
9,32686050.00,FF
10,32696050.00,FF
11,32706000.00,02
12,32716000.00,13
13,32726000.00,00
14,32736000.00,0F
15,32746000.00,08
16,32756000.00,00
17,32766000.00,00
18,32776000.00,00
19,32785950.00,00
20,32795950.00,30
21,32805950.00,17
22,32815950.00,00
23,32825950.00,00
24,32835950.00,00
25,32845950.00,0F
26,32855950.00,08
27,32865900.00,00
28,32875900.00,00
29,32885900.00,00
30,32895900.00,00
31,32905900.00,75
32,82415400.00,FF
33,82426400.00,FF
34,82437450.00,02
35,82448450.00,04
36,82459500.00,02
37,82470500.00,38
38,82507600.00,11
39,82593750.00,AE
40,82636700.00,FF
41,82646700.00,FF
42,82656700.00,02
43,82666650.00,13
44,82676650.00,00
45,82686650.00,0F
46,82696650.00,08
47,82706650.00,00
48,82716600.00,00
49,82726600.00,00
50,82736600.00,00
51,82746600.00,30
52,82756600.00,17
53,82766600.00,00
54,82776550.00,00
55,82786550.00,00
56,82796550.00,0F
57,82806550.00,08
58,82816550.00,00
59,82826550.00,00
60,82836550.00,00
61,82846500.00,00
62,82856500.00,75
63,132982100.00,FF
64,132993100.00,FF
65,133004150.00,02
66,133015150.00,04
67,133026200.00,02
68,133037200.00,38
69,133194550.00,11
70,133257650.00,AE
71,133301700.00,FF
72,133311700.00,FF
73,133321700.00,02
74,133331700.00,13
75,133341650.00,00
76,133351650.00,0F
77,133361650.00,08
78,133371650.00,00
79,133381650.00,00
80,133391650.00,00
81,133401650.00,00
82,133411650.00,30
83,133421650.00,17
84,133431600.00,00
85,133441600.00,00
86,133451600.00,00
87,133461600.00,0F
88,133471600.00,08
89,133481600.00,00
90,133491600.00,00
91,133501600.00,00
92,133511550.00,00
93,133521550.00,75
94,182022300.00,FF
95,182033350.00,FF
96,182044350.00,02
97,182055350.00,04
98,182066400.00,02
99,182077400.00,38
100,182189600.00,11
101,182256700.00,AE
102,182306150.00,FF
103,182316100.00,FF
104,182326100.00,02
105,182336100.00,13
106,182346100.00,00
107,182356100.00,0F
108,182366100.00,08
109,182376100.00,00
110,182386100.00,00
111,182396100.00,00
112,182406050.00,00
113,182416050.00,30
114,182426050.00,17
115,182436050.00,00
116,182446050.00,00
117,182456050.00,00
118,182466050.00,0F
119,182476050.00,08
120,182486050.00,00
121,182496050.00,00
122,182506000.00,00
123,182516000.00,00
124,182526000.00,75
125,232792000.00,FF
126,232803050.00,FF
127,232814050.00,02
128,232825050.00,04
129,232836100.00,02
130,232847100.00,38
131,232864150.00,11
132,232933250.00,AE
133,232980700.00,FF
134,232990700.00,FF
135,233000700.00,02
136,233010700.00,13
137,233020700.00,00
138,233030650.00,0F
139,233040650.00,08
140,233050650.00,00
141,233060650.00,00
142,233070650.00,00
143,233080650.00,00
144,233090650.00,30
145,233100650.00,17
146,233110650.00,00
147,233120600.00,00
148,233130600.00,00
149,233140600.00,0F
150,233150600.00,08
151,233160600.00,00
152,233170600.00,00
153,233180600.00,00
154,233190600.00,00
155,233200600.00,75
156,282104450.00,FF
157,282115500.00,FF
158,282126500.00,02
159,282137550.00,04
160,282148550.00,02
161,282159600.00,38
162,282190650.00,11
163,282255800.00,AE
164,282300550.00,FF
165,282310550.00,FF
166,282320550.00,02
167,282330500.00,13
168,282340500.00,00
169,282350500.00,0F
170,282360500.00,08
171,282370500.00,00
172,282380450.00,00
173,282390450.00,00
174,282400450.00,00
175,282410450.00,30
176,282420450.00,17
177,282430400.00,00
178,282440400.00,00
179,282450400.00,00
180,282460400.00,0F
181,282470400.00,08
182,282480400.00,00
183,282490400.00,00
184,282500350.00,00
185,282510350.00,00
186,282520350.00,75
187,332660350.00,FF
188,332671350.00,FF
189,332682350.00,02
190,332693400.00,04
191,332704400.00,02
192,332715450.00,38
193,332890800.00,11
194,332954900.00,AE
195,332999500.00,FF
196,333009500.00,FF
197,333019500.00,02
198,333029500.00,13
199,333039500.00,00
200,333049500.00,0F
201,333059450.00,08
202,333069450.00,00
203,333079450.00,00
204,333089450.00,00
205,333099450.00,00
206,333109450.00,30
207,333119450.00,17
208,333129450.00,00
209,333139450.00,00
210,333149450.00,00
211,333159400.00,0F
212,333169400.00,08
213,333179400.00,00
214,333189400.00,00
215,333199400.00,00
216,333209400.00,00
217,333219400.00,75
218,352473650.00,FF
219,352484650.00,FF
220,352495650.00,FD
221,352506700.00,04
222,352517700.00,02
223,352528750.00,00
224,352540750.00,09
225,352618900.00,F3
226,390664800.00,FF
227,390675850.00,FF
228,390686900.00,00
229,390697900.00,04
230,390708900.00,02
231,390719950.00,00
232,390755000.00,09
233,390824200.00,F0
234,420342450.00,00
235,420353500.00,03
236,420364500.00,00
237,420375550.00,00
238,420386550.00,00
239,420397600.00,04
240,420408600.00,45
241,420419650.00,D8

242,452201800.00,FF
243,452212850.00,FF
244,452223850.00,01
245,452234850.00,04
246,452245900.00,02
247,452256900.00,00
248,452273950.00,09
249,452329100.00,EF
250,452385850.00,FF
251,452398700.00,FF
252,452411550.00,01
253,452424400.00,0B
254,452437250.00,00
255,452450100.00,03
256,452462950.00,0A
257,452475850.00,00
258,452488700.00,09
259,452501550.00,03
260,452514400.00,01
261,452527250.00,00
262,452540100.00,00
263,452552950.00,01
264,452565850.00,D8
265,481240200.00,01
266,481251200.00,03
267,481262250.00,00
268,481273250.00,00
269,481284300.00,00
270,481295300.00,04
271,481306300.00,44
272,481317350.00,09
273,511795200.00,00
274,511940700.00,0B
275,512977800.00,FF
276,512988850.00,FF
277,512999850.00,02
278,513010900.00,04
279,513021900.00,02
280,513034950.00,00
281,513046950.00,09
282,513098050.00,EE
283,513134950.00,FF
284,513144950.00,FF
285,513154950.00,02
286,513164950.00,0B
287,513174950.00,00
288,513184950.00,03
289,513194950.00,0A
290,513204950.00,00
291,513214950.00,09
292,513224900.00,03
293,513234900.00,02
294,513244900.00,00
295,513254900.00,00
296,513264900.00,01
297,513274900.00,D6
298,516793150.00,FF
299,516804150.00,FF
300,516815150.00,03
301,516826200.00,04
302,516837200.00,02
303,516848250.00,00
304,518690000.00,09
305,518782150.00,ED
306,557930750.00,03
307,557941800.00,03
308,557952800.00,00
309,557963850.00,00
310,557974850.00,00
311,557985900.00,04
312,557996900.00,45
313,558007950.00,EB
314,589752600.00,FF
315,589763650.00,FF
316,589774650.00,04
317,589785650.00,04
318,589796700.00,02
319,589807700.00,00
320,589834750.00,09
321,589910900.00,EC
322,620878200.00,04
323,620889200.00,03
324,620900250.00,00
325,620911250.00,00
326,620922300.00,00
327,620933300.00,04
328,620944350.00,44

329,620955350.00,5C
330,652605450.00,FF
331,652616450.00,FF
332,652627500.00,05
333,652638500.00,04
334,652649550.00,02
335,652660550.00,00
336,652682600.00,09
337,652736700.00,EB
338,683573250.00,05
339,683584250.00,03
340,683595250.00,00
341,683606300.00,00
342,683617300.00,00
343,683628350.00,04
344,683639350.00,45
345,683650400.00,8D
346,716577350.00,FF
347,716588350.00,FF
348,716599400.00,06
349,716610400.00,04
350,716621400.00,02
351,716632400.00,00
352,716674450.00,09
353,716758600.00,EA
354,745280450.00,06
355,745291450.00,03
356,745302500.00,00
357,745313500.00,00
358,745324550.00,00
359,745335550.00,04
360,745346550.00,45
361,745357600.00,BE
362,777463600.00,FF
363,777474650.00,FF
364,777485650.00,07
365,777496700.00,04
366,777507700.00,02
367,777518750.00,00
368,777537750.00,09
369,777613900.00,E9
370,807013350.00,07
371,807024400.00,03
372,807035400.00,00
373,807046450.00,00
374,807057450.00,00
375,807068450.00,04
376,807079500.00,44
377,807090500.00,6F
378,839637450.00,FF
379,839648450.00,FF
380,839659500.00,08
381,839670500.00,04
382,839681550.00,02
383,839692550.00,00
384,839774750.00,09
385,839907050.00,E8
386,868203350.00,08
387,868214350.00,03
388,868225400.00,00
389,868236400.00,00
390,868247400.00,00
391,868258450.00,04
392,868269450.00,44
393,868280450.00,90
394,900121750.00,FF
395,900132750.00,FF
396,900143750.00,09
397,900154800.00,04
398,900165800.00,02
399,900176850.00,00
400,900211900.00,09
401,900286050.00,E7
402,929405850.00,09
403,929416850.00,03
404,929427900.00,00
405,929438900.00,00
406,929449950.00,00
407,929460950.00,04
408,929471950.00,45
409,929483000.00,41
410,961934100.00,FF
411,961945100.00,FF
412,961956150.00,0A
413,961967150.00,04
414,961978150.00,02
415,961990200.00,00
416,962001200.00,09
417,962054300.00,E6
418,991769850.00,0A
419,991780900.00,03
420,991791900.00,00
421,991802950.00,00
422,991813950.00,00
423,991825000.00,04
424,991836000.00,45
425,991847050.00,72
