Id,Time[ns],0:UART: RX/TX
1,6437600.00,FF
2,6448650.00,FF
3,6459650.00,03
4,6470700.00,04
5,6481700.00,02
6,6492700.00,38
7,6536800.00,11
8,6605900.00,AD
9,6648250.00,FF
10,6658200.00,FF
11,6668200.00,03
12,6678150.00,13
13,6688150.00,00
14,6698150.00,04
15,6708100.00,09
16,6718100.00,00
17,6728050.00,00
18,6738050.00,00
19,6748000.00,00
20,6758000.00,31
21,6767950.00,18
22,6777950.00,00
23,6787900.00,00
24,6797900.00,00
25,6807850.00,04
26,6817850.00,09
27,6827800.00,00
28,6837800.00,00
29,6847750.00,00
30,6857750.00,00
31,6867700.00,86
32,56330850.00,FF
33,56341850.00,FF
34,56352900.00,03
35,56363900.00,04
36,56374900.00,02
37,56385950.00,38
38,56402950.00,11
39,56466100.00,AD
40,56511800.00,FF
41,56521750.00,FF
42,56531750.00,03
43,56541700.00,13
44,56551700.00,00
45,56561650.00,04
46,56571650.00,09
47,56581600.00,00
48,56591600.00,00
49,56601550.00,00
50,56611550.00,00
51,56621500.00,30
52,56631500.00,18
53,56641450.00,00
54,56651450.00,00
55,56661400.00,00
56,56671400.00,04
57,56681350.00,09
58,56691300.00,00
59,56701300.00,00
60,56711250.00,00
61,56721250.00,00
62,56731200.00,87
63,106840250.00,FF
64,106851250.00,FF
65,106862300.00,03
66,106873300.00,04
67,106884300.00,02
68,106895350.00,38
69,106906350.00,11
70,106960450.00,AD
71,107003500.00,FF
72,107013450.00,FF
73,107023450.00,03
74,107033400.00,13
75,107043400.00,00
76,107053350.00,04
77,107063350.00,09
78,107073300.00,00
79,107083300.00,00
80,107093250.00,00
81,107103250.00,00
82,107113200.00,30
83,107123200.00,18
84,107133150.00,00
85,107143150.00,00
86,107153100.00,00
87,107163100.00,04
88,107173050.00,09
89,107183050.00,00
90,107193000.00,00
91,107203000.00,00
92,107212950.00,00
93,107222950.00,87
94,156356550.00,FF
95,156367550.00,FF
96,156378600.00,03
97,156389600.00,04
98,156400650.00,02
99,156411650.00,38
100,156431700.00,11
101,156489800.00,AD
102,156538750.00,FF
103,156548700.00,FF
104,156558700.00,03
105,156568650.00,13
106,156578650.00,00
107,156588600.00,04
108,156598600.00,09
109,156608550.00,00
110,156618550.00,00
111,156628500.00,00
112,156638500.00,00
113,156648450.00,30
114,156658450.00,18
115,156668400.00,00
116,156678400.00,00
117,156688350.00,00
118,156698350.00,04
119,156708300.00,09
120,156718300.00,00
121,156728250.00,00
122,156738250.00,00
123,156748200.00,00
124,156758200.00,87
125,206215650.00,FF
126,206226650.00,FF
127,206237700.00,03
128,206248700.00,04
129,206259700.00,02
130,206270750.00,38
131,206443100.00,11
132,206500200.00,AD
133,206545400.00,FF
134,206555400.00,FF
135,206565350.00,03
136,206575350.00,13
137,206585300.00,00
138,206595300.00,04
139,206605250.00,09
140,206615250.00,00
141,206625200.00,00
142,206635200.00,00
143,206645150.00,00
144,206655150.00,31
145,206665100.00,18
146,206675100.00,00
147,206685050.00,00
148,206695050.00,00
149,206705000.00,04
150,206715000.00,09
151,206724950.00,00
152,206734950.00,00
153,206744900.00,00
154,206754900.00,00
155,206764850.00,86
156,256162650.00,FF
157,256173650.00,FF
158,256184700.00,03
159,256195700.00,04
160,256206700.00,02
161,256217750.00,38
162,256237750.00,11
163,256299850.00,AD
164,256343800.00,FF
165,256353800.00,FF
166,256363750.00,03
167,256373750.00,13
168,256383700.00,00
169,256393700.00,04
170,256403650.00,09
171,256413650.00,00
172,256423600.00,00
173,256433600.00,00
174,256443550.00,00
175,256453550.00,30
176,256463500.00,18
177,256473450.00,00
178,256483450.00,00
179,256493400.00,00
180,256503400.00,04
181,256513350.00,09
182,256523350.00,00
183,256533300.00,00
184,256543300.00,00
185,256553250.00,00
186,256563250.00,87
187,306241600.00,FF
188,306252600.00,FF
189,306263600.00,03
190,306274650.00,04
191,306285650.00,02
192,306296700.00,38
193,306458050.00,11
194,306521150.00,AD
195,306562150.00,FF
196,306572100.00,FF
197,306582100.00,03
198,306592050.00,13
199,306602050.00,00
200,306612000.00,04
201,306622000.00,09
202,306631950.00,00
203,306641950.00,00
204,306651900.00,00
205,306661900.00,00
206,306671850.00,30
207,306681850.00,18
208,306691800.00,00
209,306701800.00,00
210,306711750.00,00
211,306721750.00,04
212,306731700.00,09
213,306741700.00,00
214,306751650.00,00
215,306761650.00,00
216,306771600.00,00
217,306781600.00,87
218,356907750.00,FF
219,356918750.00,FF
220,356929800.00,03
221,356940800.00,04
222,356951800.00,02
223,356962850.00,38
224,357133100.00,11
225,357202200.00,AD
226,357246500.00,FF
227,357256450.00,FF
228,357266450.00,03
229,357276400.00,13
230,357286400.00,00
231,357296350.00,04
232,357306350.00,09
233,357316300.00,00
234,357326300.00,00
235,357336250.00,00
236,357346250.00,00
237,357356200.00,31
238,357366200.00,18
239,357376150.00,00
240,357386150.00,00
241,357396100.00,00
242,357406100.00,04
243,357416050.00,09
244,357426050.00,00
245,357436000.00,00
246,357446000.00,00
247,357455950.00,00
248,357465950.00,86
249,401612800.00,00
250,406693500.00,FF
251,406704550.00,FF
252,406715550.00,03
253,406726550.00,04
254,406737550.00,02
255,406748600.00,38
256,406812650.00,11
257,406878700.00,AD
258,406925200.00,FF
259,406935200.00,FF
260,406945150.00,03
261,406955150.00,13
262,406965100.00,00
263,406975100.00,04
264,406985050.00,09
265,406995050.00,00
266,407005000.00,00
267,407015000.00,00
268,407024950.00,00
269,407034950.00,31
270,407044900.00,18
271,407054900.00,00
272,407064850.00,00
273,407074850.00,00
274,407084800.00,04
275,407094800.00,09
276,407104750.00,00
277,407114750.00,00
278,407124700.00,00
279,407134700.00,00
280,407144700.00,86
281,456138450.00,FF
282,456149450.00,FF
283,456160450.00,03
284,456171500.00,04
285,456182500.00,02
286,456193550.00,38
287,456216550.00,11
288,456278700.00,AD
289,456321100.00,FF
290,456331050.00,FF
291,456341050.00,03
292,456351000.00,13
293,456360950.00,00
294,456370950.00,04
295,456380900.00,09
296,456390900.00,00
297,456400850.00,00
298,456410850.00,00
299,456420800.00,00
300,456430800.00,31
301,456440750.00,18
302,456450750.00,00
303,456460750.00,00
304,456470700.00,00
305,456480700.00,04
306,456490650.00,09
307,456500650.00,00
308,456510600.00,00
309,456520600.00,00
310,456530550.00,00
311,456540550.00,86
312,506639800.00,FF
313,506651800.00,FF
314,506662850.00,03
315,506673850.00,04
316,506684900.00,02
317,506695900.00,38
318,506720950.00,11
319,506795050.00,AD
320,506840550.00,FF
321,506850550.00,FF
322,506860500.00,03
323,506870500.00,13
324,506880450.00,00
325,506890450.00,04
326,506900400.00,09
327,506910400.00,00
328,506920350.00,00
329,506930350.00,00
330,506940300.00,00
331,506950300.00,31
332,506960250.00,18
333,506970250.00,00
334,506980200.00,00
335,506990200.00,00
336,507000150.00,04
337,507010150.00,09
338,507020100.00,00
339,507030100.00,00
340,507040100.00,00
341,507050050.00,00
342,507060050.00,86
343,556402650.00,FF
344,556413700.00,FF
345,556424700.00,03
346,556435700.00,04
347,556446700.00,02
348,556457750.00,38
349,556478750.00,11
350,556540850.00,AD
351,556589950.00,FF
352,556599950.00,FF
353,556609900.00,03
354,556619900.00,13
355,556629850.00,00
356,556639850.00,04
357,556649800.00,09
358,556659800.00,00
359,556669750.00,00
360,556679750.00,00
361,556689700.00,00
362,556699700.00,30
363,556709650.00,18
364,556719650.00,00
365,556729650.00,00
366,556739600.00,00
367,556749600.00,04
368,556759550.00,09
369,556769550.00,00
370,556779500.00,00
371,556789500.00,00
372,556799450.00,00
373,556809450.00,87
374,606956150.00,FF
375,606967150.00,FF
376,606978150.00,03
377,606989200.00,04
378,607000200.00,02
379,607011250.00,38
380,607058300.00,11
381,607141450.00,AD
382,607187150.00,FF
383,607197150.00,FF
384,607207100.00,03
385,607217100.00,13
386,607227050.00,00
387,607237050.00,04
388,607247000.00,09
389,607257000.00,00
390,607266950.00,00
391,607276950.00,00
392,607286900.00,00
393,607296900.00,30
394,607306850.00,18
395,607316850.00,00
396,607326800.00,00
397,607336800.00,00
398,607346750.00,04
399,607356750.00,09
400,607366700.00,00
401,607376700.00,00
402,607386650.00,00
403,607396650.00,00
404,607406600.00,87
405,657145400.00,FF
406,657156450.00,FF
407,657167450.00,03
408,657178450.00,04
409,657189500.00,02
410,657200500.00,38
411,657255600.00,11
412,657317700.00,AD
413,657360350.00,FF
414,657370300.00,FF
415,657380300.00,03
416,657390300.00,13
417,657400250.00,00
418,657410250.00,04
419,657420200.00,09
420,657430200.00,00
421,657440150.00,00
422,657450150.00,00
423,657460100.00,00
424,657470100.00,31
425,657480050.00,18
426,657490050.00,00
427,657500000.00,00
428,657510000.00,00
429,657519950.00,04
430,657529950.00,09
431,657539900.00,00
432,657549900.00,00
433,657559850.00,00
434,657569850.00,00
435,657579800.00,86
436,706329700.00,FF
437,706340750.00,FF
438,706351750.00,03
439,706362750.00,04
440,706373800.00,02
441,706384800.00,38
442,706618200.00,11
443,706683300.00,AD
444,706726800.00,FF
445,706736800.00,FF
446,706746750.00,03
447,706756750.00,13
448,706766700.00,00
449,706776650.00,04
450,706786650.00,09
451,706796600.00,00
452,706806600.00,00
453,706816550.00,00
454,706826550.00,00
455,706836500.00,30
456,706846500.00,18
457,706856450.00,00
458,706866450.00,00
459,706876450.00,00
460,706886400.00,04
461,706896400.00,09
462,706906350.00,00
463,706916350.00,00
464,706926300.00,00
465,706936300.00,00
466,706946250.00,87
467,756732050.00,FF
468,756743050.00,FF
469,756754050.00,03
470,756765100.00,04
471,756776100.00,02
472,756787150.00,38
473,756798150.00,11
474,756845250.00,AD
475,756887400.00,FF
476,756897350.00,FF
477,756907350.00,03
478,756917300.00,13
479,756927300.00,00
480,756937250.00,04
481,756947250.00,09
482,756957200.00,00
483,756967200.00,00
484,756977200.00,00
485,756987150.00,00
486,756997150.00,31
487,757007100.00,18
488,757017100.00,00
489,757027050.00,00
490,757037050.00,00
491,757047000.00,04
492,757057000.00,09
493,757067000.00,00
494,757076950.00,00
495,757086950.00,00
496,757096900.00,00
497,757106900.00,86
498,807064700.00,FF
499,807075700.00,FF
500,807086750.00,03
501,807097750.00,04
502,807108750.00,02
503,807119800.00,38
504,807277000.00,11
505,807337100.00,AD
506,807380700.00,FF
507,807390700.00,FF
508,807400650.00,03
509,807410650.00,13
510,807420600.00,00
511,807430600.00,04
512,807440550.00,09
513,807450550.00,00
514,807460500.00,00
515,807470500.00,00
516,807480450.00,00
517,807490450.00,31
518,807500400.00,18
519,807510400.00,00
520,807520400.00,00
521,807530350.00,00
522,807540350.00,04
523,807550300.00,09
524,807560300.00,00
525,807570250.00,00
526,807580250.00,00
527,807590200.00,00
528,807600200.00,86
529,856249250.00,FF
530,856260250.00,FF
531,856271250.00,03
532,856282250.00,04
533,856293300.00,02
534,856304300.00,38
535,856474600.00,11
536,856586800.00,AD
537,856628300.00,FF
538,856638300.00,FF
539,856648250.00,03
540,856658250.00,13
541,856668200.00,00
542,856678200.00,04
543,856688200.00,09
544,856698150.00,00
545,856708150.00,00
546,856718100.00,00
547,856728100.00,00
548,856738050.00,30
549,856748050.00,18
550,856758000.00,00
551,856768000.00,00
552,856778000.00,00
553,856787950.00,04
554,856797950.00,09
555,856807900.00,00
556,856817900.00,00
557,856827900.00,00
558,856837850.00,00
559,856847850.00,87
560,906214100.00,FF
561,906225100.00,FF
562,906236100.00,03
563,906247100.00,04
564,906258150.00,02
565,906269150.00,38
566,906288200.00,11
567,906357300.00,AD
568,906402550.00,FF
569,906412550.00,FF
570,906422500.00,03
571,906432500.00,13
572,906442450.00,00
573,906452450.00,04
574,906462400.00,09
575,906472400.00,00
576,906482400.00,00
577,906492350.00,00
578,906502350.00,00
579,906512300.00,30
580,906522300.00,18
581,906532250.00,00
582,906542250.00,00
583,906552200.00,00
584,906562200.00,04
585,906572200.00,09
586,906582150.00,00
587,906592150.00,00
588,906602100.00,00
589,906612100.00,00
590,906622050.00,87
591,956297650.00,FF
592,956308650.00,FF
593,956319700.00,03
594,956330700.00,04
595,956341750.00,02
596,956352750.00,38
597,956391850.00,11
598,956457950.00,AD
599,956499900.00,FF
600,956509900.00,FF
601,956519850.00,03
602,956529850.00,13
603,956539800.00,00
604,956549800.00,04
605,956559750.00,09
606,956569750.00,00
607,956579700.00,00
608,956589700.00,00
609,956599650.00,00
610,956609650.00,31
611,956619650.00,18
612,956629600.00,00
613,956639600.00,00
614,956649550.00,00
615,956659550.00,04
616,956669500.00,09
617,956679500.00,00
618,956689450.00,00
619,956699450.00,00
620,956709400.00,00
621,956719400.00,86
