
[18:41:49.664]퉷뫹뫲FF FF 0D 04 02 38 11 A3 FF FF 0D 13 00 00 08 00 00 21 04 79 00 00 00 00 00 08 00 00 00 00 31 
[18:41:49.712]퉷뫹뫲FF FF 0D 04 02 38 11 A3 FF FF 0D 13 00 00 08 00 00 21 04 79 00 00 00 00 00 08 00 00 00 00 31 
[18:41:49.762]퉷뫹뫲FF FF 0D 04 02 38 11 A3 FF FF 0D 13 00 00 08 00 00 21 04 79 00 00 00 00 00 08 00 00 00 00 31 
[18:41:49.812]퉷뫹뫲FF FF 0D 04 02 38 11 A3 FF FF 0D 13 00 00 08 00 00 21 04 79 00 00 00 00 00 08 00 00 00 00 31 
[18:41:49.863]퉷뫹뫲FF FF 0D 04 02 38 11 A3 FF FF 0D 13 00 00 08 00 00 21 04 79 00 00 00 00 00 08 00 00 00 00 31 
[18:41:49.912]퉷뫹뫲FF FF 0D 04 02 38 11 A3 FF FF 0D 13 00 00 08 00 00 21 04 79 00 00 00 00 00 08 00 00 00 00 31 
[18:41:49.962]퉷뫹뫲FF FF 0D 04 02 38 11 A3 FF FF 0D 13 00 00 08 00 00 21 04 79 00 00 00 00 00 08 00 00 00 00 31 
[18:41:50.012]퉷뫹뫲FF FF 0D 04 02 38 11 A3 FF FF 0D 13 00 00 08 00 00 21 04 79 00 00 00 00 00 08 00 00 00 00 31 
[18:41:50.063]퉷뫹뫲FF FF 0D 04 02 38 11 A3 FF FF 0D 13 00 00 08 00 00 21 04 79 00 00 00 00 00 08 00 00 00 00 31 
[18:41:50.112]퉷뫹뫲FF FF 0D 04 02 38 11 A3 FF FF 0D 13 00 00 08 00 00 21 04 79 00 00 00 00 00 08 00 00 00 00 31 
[18:41:50.162]퉷뫹뫲FF FF 0D 04 02 38 11 A3 FF FF 0D 13 00 00 08 00 00 21 04 79 00 00 00 00 00 08 01 00 00 00 30 
[18:41:50.212]퉷뫹뫲FF FF 0D 04 02 38 11 A3 FF FF 0D 13 00 00 08 00 00 21 04 79 00 00 00 00 00 08 00 00 00 00 31 
[18:41:50.261]퉷뫹뫲FF FF 0D 04 02 38 11 A3 FF FF 0D 13 00 00 08 00 00 21 04 79 00 00 00 00 00 08 00 00 00 00 31 
[18:41:50.312]퉷뫹뫲FF FF 0D 04 02 38 11 A3 FF FF 0D 13 00 00 08 00 00 21 04 79 00 00 00 00 00 08 00 00 00 00 31 
[18:41:50.362]퉷뫹뫲FF FF 0D 04 02 38 11 A3 FF FF 0D 13 00 00 08 00 00 21 04 79 00 00 00 00 00 08 00 00 00 00 31 
[18:41:50.412]퉷뫹뫲FF FF 0D 04 02 38 11 A3 FF FF 0D 13 00 00 08 00 00 21 04 79 00 00 00 00 00 08 00 00 00 00 31 
[18:41:50.462]퉷뫹뫲FF FF 0D 04 02 38 11 A3 FF FF 0D 13 00 00 08 00 00 21 04 79 00 00 00 00 00 08 00 00 00 00 31 
[18:41:50.512]퉷뫹뫲FF FF 0D 04 02 38 11 A3 FF FF 0D 13 00 00 08 00 00 21 04 79 00 00 00 00 00 08 00 00 00 00 31 
[18:41:50.561]퉷뫹뫲FF FF 0D 04 02 38 11 A3 FF FF 0D 13 00 00 08 00 00 21 04 79 00 00 00 00 00 08 00 00 00 00 31 
[18:41:50.612]퉷뫹뫲FF FF 0D 04 02 38 11 A3 FF FF 0D 13 00 00 08 00 00 21 04 79 00 00 00 00 00 08 00 00 00 00 31 
[18:41:50.663]퉷뫹뫲FF FF 0D 04 02 38 11 A3 FF FF 0D 13 00 00 08 00 00 21 04 79 00 00 00 00 00 08 00 00 00 00 31 
[18:41:50.712]퉷뫹뫲FF FF 0D 04 02 38 11 A3 FF FF 0D 13 00 00 08 00 80 22 04 79 00 00 00 00 00 08 00 00 00 00 B0 
[18:41:50.762]퉷뫹뫲FF FF 0D 04 02 38 11 A3 FF FF 0D 13 00 00 08 00 80 22 04 79 00 00 00 00 00 08 00 00 00 00 B0 
[18:41:50.812]퉷뫹뫲FF FF 0D 04 02 38 11 A3 FF FF 0D 13 00 00 08 00 80 22 04 79 00 00 00 00 00 08 00 00 00 00 B0 
[18:41:50.862]퉷뫹뫲FF FF 0D 04 02 38 11 A3 FF FF 0D 13 00 00 08 01 00 21 04 79 00 00 00 00 00 08 00 00 00 00 30 
[18:41:50.913]퉷뫹뫲FF FF 0D 04 02 38 11 A3 FF FF 0D 13 00 00 08 00 00 21 04 79 00 00 00 00 00 08 00 00 00 00 31 
[18:41:50.962]퉷뫹뫲FF FF 0D 04 02 38 11 A3 FF FF 0D 13 00 00 08 00 00 21 04 79 00 00 00 00 00 08 00 00 00 00 31 
[18:41:51.012]퉷뫹뫲FF FF 0D 04 02 38 11 A3 FF FF 0D 13 00 00 08 00 00 21 04 79 00 00 00 00 00 08 00 00 00 00 31 
[18:41:51.062]퉷뫹뫲FF FF 0D 04 02 38 11 A3 FF FF 0D 13 00 00 08 00 00 21 04 79 00 00 00 00 00 08 00 00 00 00 31 
[18:41:51.112]퉷뫹뫲FF FF 0D 04 02 38 11 A3 FF FF 0D 13 00 00 08 00 00 21 04 79 00 00 00 00 00 08 00 00 00 00 31 
[18:41:51.162]퉷뫹뫲FF FF 0D 04 02 38 11 A3 FF FF 0D 13 00 00 08 00 00 21 04 79 00 00 00 00 00 08 00 00 00 00 31 
[18:41:51.212]퉷뫹뫲FF FF 0D 04 02 38 11 A3 FF FF 0D 13 00 00 08 00 00 21 04 79 00 00 00 00 00 08 00 00 00 00 31 
[18:41:51.262]퉷뫹뫲FF FF 0D 04 02 38 11 A3 FF FF 0D 13 00 00 08 00 00 21 04 79 00 00 00 00 00 08 00 00 00 00 31 
[18:41:51.313]퉷뫹뫲FF FF 0D 04 02 38 11 A3 FF FF 0D 13 00 00 08 00 00 21 04 79 00 00 00 00 00 08 00 00 00 00 31 
[18:41:51.362]퉷뫹뫲FF FF 0D 04 02 38 11 A3 FF FF 0D 13 00 00 08 00 00 21 04 79 00 00 00 00 00 08 00 00 00 00 31 
[18:41:51.412]퉷뫹뫲FF FF 0D 04 02 38 11 A3 FF FF 0D 13 00 00 08 00 00 21 04 79 00 00 00 00 00 08 00 00 00 00 31 
[18:41:51.462]퉷뫹뫲FF FF 0D 04 02 38 11 A3 FF FF 0D 13 00 00 08 00 00 21 04 79 00 00 00 00 00 08 00 00 00 00 31 
[18:41:51.512]퉷뫹뫲FF FF 0D 04 02 38 11 A3 FF FF 0D 13 00 00 08 00 00 21 04 79 00 00 00 00 00 08 00 00 00 00 31 
[18:41:51.562]퉷뫹뫲FF FF 0D 04 02 38 11 A3 FF FF 0D 13 00 00 08 00 00 21 04 79 00 00 00 00 00 08 00 00 00 00 31 
[18:41:51.612]퉷뫹뫲FF FF 0D 04 02 38 11 A3 FF FF 0D 13 00 00 08 00 00 21 04 79 00 00 00 00 00 08 00 00 00 00 31 
[18:41:51.662]퉷뫹뫲FF FF 0D 04 02 38 11 A3 FF FF 0D 13 00 00 08 00 00 21 04 79 00 00 00 00 00 08 00 00 00 00 31 
[18:41:51.712]퉷뫹뫲FF FF 0D 04 02 38 11 A3 FF FF 0D 13 00 00 08 00 00 21 04 79 00 00 00 00 00 08 00 00 00 00 31 
[18:41:51.762]퉷뫹뫲FF FF 0D 04 02 38 11 A3 FF FF 0D 13 00 00 08 00 00 21 04 79 00 00 00 00 00 08 00 00 00 00 31 
[18:41:51.812]퉷뫹뫲FF FF 0D 04 02 38 11 A3 FF FF 0D 13 00 00 08 00 00 21 04 79 00 00 00 00 00 08 00 00 00 00 31 
[18:41:51.862]퉷뫹뫲FF FF 0D 04 02 38 11 A3 FF FF 0D 13 00 00 08 00 00 21 04 79 00 00 00 00 00 08 00 00 00 00 31 
[18:41:51.912]퉷뫹뫲FF FF 0D 04 02 38 11 A3 FF FF 0D 13 00 00 08 00 00 21 04 79 00 00 00 00 00 08 00 00 00 00 31 
[18:41:51.962]퉷뫹뫲FF FF 0D 04 02 38 11 A3 FF FF 0D 13 00 00 08 00 00 21 04 79 00 00 00 00 00 08 00 00 00 00 31 
[18:41:52.012]퉷뫹뫲FF FF 0D 04 02 38 11 A3 FF FF 0D 13 00 00 08 00 00 21 04 79 00 00 00 00 00 08 00 00 00 00 31 
[18:41:52.062]퉷뫹뫲FF FF 0D 04 02 38 11 A3 FF FF 0D 13 00 00 08 00 00 21 04 79 00 00 00 00 00 08 00 00 00 00 31 
[18:41:52.112]퉷뫹뫲FF FF 0D 04 02 38 11 A3 FF FF 0D 13 00 00 08 00 00 21 04 79 00 00 00 00 00 08 00 00 00 00 31 
[18:41:52.162]퉷뫹뫲FF FF 0D 04 02 38 11 A3 FF FF 0D 13 00 00 08 00 00 21 04 79 00 00 00 00 00 08 00 00 00 00 31 
[18:41:52.212]퉷뫹뫲FF FF 0D 04 02 38 11 A3 FF FF 0D 13 00 00 08 00 00 21 04 79 00 00 00 00 00 08 00 00 00 00 31 
[18:41:52.262]퉷뫹뫲FF FF 0D 04 02 38 11 A3 FF FF 0D 13 00 00 08 00 00 21 04 79 00 00 00 00 00 08 00 00 00 00 31 
[18:41:52.312]퉷뫹뫲FF FF 0D 04 02 38 11 A3 FF FF 0D 13 00 00 08 00 00 21 04 79 00 00 00 00 00 08 00 00 00 00 31 
[18:41:52.362]퉷뫹뫲FF FF 0D 04 02 38 11 A3 FF FF 0D 13 00 00 08 00 00 21 04 78 00 00 00 00 00 08 00 00 00 00 32 
[18:41:52.412]퉷뫹뫲FF FF 0D 04 02 38 11 A3 FF FF 0D 13 00 00 08 00 00 21 04 79 00 00 00 00 00 08 00 00 00 00 31 
[18:41:52.462]퉷뫹뫲FF FF 0D 04 02 38 11 A3 FF FF 0D 13 00 00 08 00 00 21 04 79 00 00 00 00 00 08 00 00 00 00 31 
[18:41:52.513]퉷뫹뫲FF FF 0D 04 02 38 11 A3 FF FF 0D 13 00 00 08 00 00 21 04 79 00 00 00 00 00 08 00 00 00 00 31 
[18:41:52.562]퉷뫹뫲FF FF 0D 04 02 38 11 A3 FF FF 0D 13 00 00 08 00 00 21 04 79 00 00 00 00 00 08 00 00 00 00 31 
[18:41:52.612]퉷뫹뫲FF FF 0D 04 02 38 11 A3 FF FF 0D 13 00 00 08 00 00 21 04 79 00 00 00 00 00 08 00 00 00 00 31 
[18:41:52.662]퉷뫹뫲FF FF 0D 04 02 38 11 A3 FF FF 0D 13 00 00 08 00 00 21 04 79 00 00 00 00 00 08 00 00 00 00 31 
[18:41:52.712]퉷뫹뫲FF FF 0D 04 02 38 11 A3 FF FF 0D 13 00 00 08 00 00 21 04 79 00 00 00 00 00 08 00 00 00 00 31 
[18:41:52.762]퉷뫹뫲FF FF 0D 04 02 38 11 A3 FF FF 0D 13 00 00 08 00 00 21 04 79 00 00 00 00 00 08 00 00 00 00 31 
[18:41:52.812]퉷뫹뫲FF FF 0D 04 02 38 11 A3 FF FF 0D 13 00 00 08 01 80 22 04 79 00 00 00 00 00 08 00 00 00 00 AF 
[18:41:52.863]퉷뫹뫲FF FF 0D 04 02 38 11 A3 FF FF 0D 13 00 00 08 00 80 22 04 79 00 00 00 00 00 08 00 00 00 00 B0 
[18:41:52.912]퉷뫹뫲FF FF 0D 04 02 38 11 A3 FF FF 0D 13 00 00 08 00 80 22 04 79 00 00 00 00 00 08 00 00 00 00 B0 
[18:41:52.963]퉷뫹뫲FF FF 0D 04 02 38 11 A3 FF FF 0D 13 00 00 08 00 00 22 04 79 00 00 00 00 00 08 00 00 00 00 30 
[18:41:53.012]퉷뫹뫲FF FF 0D 04 02 38 11 A3 FF FF 0D 13 00 00 08 00 00 21 04 79 00 00 00 00 00 08 00 00 00 00 31 
[18:41:53.062]퉷뫹뫲FF FF 0D 04 02 38 11 A3 FF FF 0D 13 00 00 08 00 00 22 04 79 00 00 00 00 00 08 00 00 00 00 30 
[18:41:53.112]퉷뫹뫲FF FF 0D 04 02 38 11 A3 FF FF 0D 13 00 00 08 00 00 22 04 79 00 00 00 00 00 08 00 00 00 00 30 
[18:41:53.162]퉷뫹뫲FF FF 0D 04 02 38 11 A3 FF FF 0D 13 00 00 08 00 00 22 04 79 00 00 00 00 00 08 00 00 00 00 30 
[18:41:53.212]퉷뫹뫲FF FF 0D 04 02 38 11 A3 FF FF 0D 13 00 00 08 00 00 22 04 79 00 00 00 00 00 08 00 00 00 00 30 
[18:41:53.263]퉷뫹뫲FF FF 0D 04 02 38 11 A3 FF FF 0D 13 00 00 08 00 00 22 04 79 00 00 00 00 00 08 00 00 00 00 30 
[18:41:53.312]퉷뫹뫲FF FF 0D 04 02 38 11 A3 FF FF 0D 13 00 00 08 00 00 22 04 79 00 00 00 00 00 08 00 00 00 00 30 
[18:41:53.362]퉷뫹뫲FF FF 0D 04 02 38 11 A3 FF FF 0D 13 00 00 08 00 00 22 04 79 00 00 00 00 00 08 00 00 00 00 30 
[18:41:53.412]퉷뫹뫲FF FF 0D 04 02 38 11 A3 FF FF 0D 13 00 00 08 00 00 22 04 79 00 00 00 00 00 08 00 00 00 00 30 
[18:41:53.462]퉷뫹뫲FF FF 0D 04 02 38 11 A3 FF FF 0D 13 00 00 08 00 00 22 04 79 00 00 00 00 00 08 00 00 00 00 30 
[18:41:53.512]퉷뫹뫲FF FF 0D 04 02 38 11 A3 FF FF 0D 13 00 00 08 00 00 22 04 79 00 00 00 00 00 08 00 00 00 00 30 
[18:41:53.562]퉷뫹뫲FF FF 0D 04 02 38 11 A3 FF FF 0D 13 00 00 08 00 00 22 04 79 00 00 00 00 00 08 00 00 00 00 30 
[18:41:53.612]퉷뫹뫲FF FF 0D 04 02 38 11 A3 FF FF 0D 13 00 00 08 00 00 22 04 79 00 00 00 00 00 08 00 00 00 00 30 
[18:41:53.663]퉷뫹뫲FF FF 0D 04 02 38 11 A3 FF FF 0D 13 00 00 08 00 00 22 04 79 00 00 00 00 00 08 00 00 00 00 30 
[18:41:53.712]퉷뫹뫲FF FF 0D 04 02 38 11 A3 FF FF 0D 13 00 00 08 00 00 22 04 79 00 00 00 00 00 08 00 00 00 00 30 
[18:41:53.762]퉷뫹뫲FF FF 0D 04 02 38 11 A3 FF FF 0D 13 00 00 08 00 00 22 04 79 00 00 00 00 00 08 00 00 00 00 30 
[18:41:53.812]퉷뫹뫲FF FF 0D 04 02 38 11 A3 FF FF 0D 13 00 00 08 00 00 22 04 79 00 00 00 00 00 08 00 00 00 00 30 
[18:41:53.862]퉷뫹뫲FF FF 0D 04 02 38 11 A3 FF FF 0D 13 00 00 08 00 00 22 04 79 00 00 00 00 00 08 00 00 00 00 30 
[18:41:53.912]퉷뫹뫲FF FF 0D 04 02 38 11 A3 FF FF 0D 13 00 00 08 00 00 22 04 79 00 00 00 00 00 08 00 00 00 00 30 
[18:41:53.962]퉷뫹뫲FF FF 0D 04 02 38 11 A3 FF FF 0D 13 00 00 08 00 00 22 04 79 00 00 00 00 00 08 00 00 00 00 30 
[18:41:54.012]퉷뫹뫲FF FF 0D 04 02 38 11 A3 FF FF 0D 13 00 00 08 01 80 22 04 79 00 00 00 00 00 08 00 00 00 00 AF 
[18:41:54.062]퉷뫹뫲FF FF 0D 04 02 38 11 A3 FF FF 0D 13 00 00 08 00 80 22 04 79 00 00 00 00 00 08 00 00 00 00 B0 
[18:41:54.112]퉷뫹뫲FF FF 0D 04 02 38 11 A3 FF FF 0D 13 00 00 08 00 80 22 04 79 00 00 00 00 00 08 00 00 00 00 B0 
[18:41:54.162]퉷뫹뫲FF FF 0D 04 02 38 11 A3 FF FF 0D 13 00 00 08 01 00 22 04 79 00 00 00 00 00 08 00 00 00 00 2F 
[18:41:54.212]퉷뫹뫲FF FF 0D 04 02 38 11 A3 FF FF 0D 13 00 00 08 00 00 22 04 79 00 00 00 00 00 08 00 00 00 00 30 
[18:41:54.262]퉷뫹뫲FF FF 0D 04 02 38 11 A3 FF FF 0D 13 00 00 08 00 00 22 04 79 00 00 00 00 00 08 00 00 00 00 30 
[18:41:54.312]퉷뫹뫲FF FF 0D 04 02 38 11 A3 FF FF 0D 13 00 00 08 00 00 22 04 79 00 00 00 00 00 08 00 00 00 00 30 
[18:41:54.362]퉷뫹뫲FF FF 0D 04 02 38 11 A3 FF FF 0D 13 00 00 08 00 00 22 04 79 00 00 00 00 00 08 00 00 00 00 30 
[18:41:54.413]퉷뫹뫲FF FF 0D 04 02 38 11 A3 FF FF 0D 13 00 00 08 00 00 22 04 79 00 00 00 00 00 08 00 00 00 00 30 
[18:41:54.462]퉷뫹뫲FF FF 0D 04 02 38 11 A3 FF FF 0D 13 00 00 08 00 00 22 04 79 00 00 00 00 00 08 00 00 00 00 30 
[18:41:54.512]퉷뫹뫲FF FF 0D 04 02 38 11 A3 FF FF 0D 13 00 00 08 00 00 22 04 79 00 00 00 00 00 08 00 00 00 00 30 
[18:41:54.562]퉷뫹뫲FF FF 0D 04 02 38 11 A3 FF FF 0D 13 00 00 08 00 00 22 04 79 00 00 00 00 00 08 00 00 00 00 30 
[18:41:54.612]퉷뫹뫲FF FF 0D 04 02 38 11 A3 FF FF 0D 13 00 00 08 00 00 22 04 79 00 00 00 00 00 08 00 00 00 00 30 
[18:41:54.661]퉷뫹뫲FF FF 0D 04 02 38 11 A3 FF FF 0D 13 00 00 08 00 00 22 04 79 00 00 00 00 00 08 00 00 00 00 30 
[18:41:54.712]퉷뫹뫲FF FF 0D 04 02 38 11 A3 FF FF 0D 13 00 00 08 00 00 22 04 79 00 00 00 00 00 08 00 00 00 00 30 
[18:41:54.763]퉷뫹뫲FF FF 0D 04 02 38 11 A3 FF FF 0D 13 00 00 08 00 00 22 04 79 00 00 00 00 00 08 00 00 00 00 30 
[18:41:54.812]퉷뫹뫲FF FF 0D 04 02 38 11 A3 FF FF 0D 13 00 00 08 00 00 22 04 79 00 00 00 00 00 08 00 00 00 00 30 
[18:41:54.863]퉷뫹뫲FF FF 0D 04 02 38 11 A3 FF FF 0D 13 00 00 08 00 00 22 04 79 00 00 00 00 00 08 00 00 00 00 30 
[18:41:54.914]퉷뫹뫲FF FF 0D 04 02 38 11 A3 FF FF 0D 13 00 00 08 00 00 22 04 79 00 00 00 00 00 08 00 00 00 00 30 
[18:41:54.962]퉷뫹뫲FF FF 0D 04 02 38 11 A3 FF FF 0D 13 00 00 08 00 00 22 04 79 00 00 00 00 00 08 00 00 00 00 30 
[18:41:55.012]퉷뫹뫲FF FF 0D 04 02 38 11 A3 FF FF 0D 13 00 00 08 00 00 22 04 79 00 00 00 00 00 08 00 00 00 00 30 
[18:41:55.062]퉷뫹뫲FF FF 0D 04 02 38 11 A3 FF FF 0D 13 00 00 08 00 00 22 04 79 00 00 00 00 00 08 00 00 00 00 30 
[18:41:55.112]퉷뫹뫲FF FF 0D 04 02 38 11 A3 FF FF 0D 13 00 00 08 00 00 22 04 79 00 00 00 00 00 08 00 00 00 00 30 
[18:41:55.162]퉷뫹뫲FF FF 0D 04 02 38 11 A3 FF FF 0D 13 00 00 08 00 00 22 04 79 00 00 00 00 00 08 00 00 00 00 30 
[18:41:55.212]퉷뫹뫲FF FF 0D 04 02 38 11 A3 FF FF 0D 13 00 00 08 00 00 22 04 79 00 00 00 00 00 08 00 00 00 00 30 
[18:41:55.262]퉷뫹뫲FF FF 0D 04 02 38 11 A3 FF FF 0D 13 00 00 08 00 00 22 04 79 00 00 00 00 00 08 00 00 00 00 30 
[18:41:55.312]퉷뫹뫲FF FF 0D 04 02 38 11 A3 FF FF 0D 13 00 00 08 00 00 22 04 79 00 00 00 00 00 08 00 00 00 00 30 
[18:41:55.362]퉷뫹뫲FF FF 0D 04 02 38 11 A3 FF FF 0D 13 00 00 08 00 00 22 04 79 00 00 00 00 00 08 00 00 00 00 30 
[18:41:55.412]퉷뫹뫲FF FF 0D 04 02 38 11 A3 FF FF 0D 13 00 00 08 00 00 22 04 79 00 00 00 00 00 08 00 00 00 00 30 
[18:41:55.462]퉷뫹뫲FF FF 0D 04 02 38 11 A3 FF FF 0D 13 00 00 08 00 00 22 04 79 00 00 00 00 00 08 00 00 00 00 30 
[18:41:55.512]퉷뫹뫲FF FF 0D 04 02 38 11 A3 FF FF 0D 13 00 00 08 00 00 22 04 79 00 00 00 00 00 08 00 00 00 00 30 
[18:41:55.562]퉷뫹뫲FF FF 0D 04 02 38 11 A3 FF FF 0D 13 00 00 08 00 00 22 04 79 00 00 00 00 00 08 00 00 00 00 30 
[18:41:55.612]퉷뫹뫲FF FF 0D 04 02 38 11 A3 FF FF 0D 13 00 00 08 00 00 22 04 79 00 00 00 00 00 08 00 00 00 00 30 
[18:41:55.662]퉷뫹뫲FF FF 0D 04 02 38 11 A3 FF FF 0D 13 00 00 08 00 00 22 04 79 00 00 00 00 00 08 00 00 00 00 30 
[18:41:55.712]퉷뫹뫲FF FF 0D 04 02 38 11 A3 FF FF 0D 13 00 00 08 00 00 22 04 79 00 00 00 00 00 08 00 00 00 00 30 
[18:41:55.762]퉷뫹뫲FF FF 0D 04 02 38 11 A3 FF FF 0D 13 00 00 08 00 00 22 04 79 00 00 00 00 00 08 00 00 00 00 30 
[18:41:55.813]퉷뫹뫲FF FF 0D 04 02 38 11 A3 FF FF 0D 13 00 00 08 00 00 22 04 79 00 00 00 00 00 08 00 00 00 00 30 
[18:41:55.862]퉷뫹뫲FF FF 0D 04 02 38 11 A3 FF FF 0D 13 00 00 08 00 00 22 04 79 00 00 00 00 00 08 00 00 00 00 30 
[18:41:55.912]퉷뫹뫲FF FF 0D 04 02 38 11 A3 FF FF 0D 13 00 00 08 00 00 22 04 79 00 00 00 00 00 08 00 00 00 00 30 
[18:41:55.962]퉷뫹뫲FF FF 0D 04 02 38 11 A3 FF FF 0D 13 00 00 08 00 00 22 04 79 00 00 00 00 00 08 00 00 00 00 30 
[18:41:56.012]퉷뫹뫲FF FF 0D 04 02 38 11 A3 FF FF 0D 13 00 00 08 00 00 22 04 79 00 00 00 00 00 08 00 00 00 00 30 
[18:41:56.062]퉷뫹뫲FF FF 0D 04 02 38 11 A3 FF FF 0D 13 00 00 08 00 00 22 04 79 00 00 00 00 00 08 00 00 00 00 30 
[18:41:56.112]퉷뫹뫲FF FF 0D 04 02 38 11 A3 FF FF 0D 13 00 00 08 00 00 22 04 78 00 00 00 00 00 08 00 00 00 00 31 
[18:41:56.162]퉷뫹뫲FF FF 0D 04 02 38 11 A3 FF FF 0D 13 00 00 08 00 00 22 04 79 00 00 00 00 00 08 00 00 00 00 30 
[18:41:56.212]퉷뫹뫲FF FF 0D 04 02 38 11 A3 FF FF 0D 13 00 00 08 00 00 22 04 79 00 00 00 00 00 08 00 00 00 00 30 
[18:41:56.262]퉷뫹뫲FF FF 0D 04 02 38 11 A3 FF FF 0D 13 00 00 08 00 00 22 04 79 00 00 00 00 00 08 00 00 00 00 30 
[18:41:56.312]퉷뫹뫲FF FF 0D 04 02 38 11 A3 FF FF 0D 13 00 00 08 00 00 22 04 79 00 00 00 00 00 08 00 00 00 00 30 
[18:41:56.363]퉷뫹뫲FF FF 0D 04 02 38 11 A3 FF FF 0D 13 00 00 08 00 00 22 04 79 00 00 00 00 00 08 00 00 00 00 30 
[18:41:56.412]퉷뫹뫲FF FF 0D 04 02 38 11 A3 FF FF 0D 13 00 00 08 00 00 22 04 79 00 00 00 00 00 08 00 00 00 00 30 
[18:41:56.461]퉷뫹뫲FF FF 0D 04 02 38 11 A3 FF FF 0D 13 00 00 08 00 00 22 04 79 00 00 00 00 00 08 00 00 00 00 30 
[18:41:56.512]퉷뫹뫲FF FF 0D 04 02 38 11 A3 FF FF 0D 13 00 00 08 00 00 22 04 79 00 00 00 00 00 08 00 00 00 00 30 
[18:41:56.563]퉷뫹뫲FF FF 0D 04 02 38 11 A3 FF FF 0D 13 00 00 08 00 00 22 04 79 00 00 00 00 00 08 00 00 00 00 30 
[18:41:56.612]퉷뫹뫲FF FF 0D 04 02 38 11 A3 FF FF 0D 13 00 00 08 00 00 22 04 79 00 00 00 00 00 08 00 00 00 00 30 
[18:41:56.662]퉷뫹뫲FF FF 0D 04 02 38 11 A3 FF FF 0D 13 00 00 08 00 00 22 04 79 00 00 00 00 00 08 00 00 00 00 30 
[18:41:56.712]퉷뫹뫲FF FF 0D 04 02 38 11 A3 FF FF 0D 13 00 00 08 00 00 22 04 79 00 00 00 00 00 08 00 00 00 00 30 
[18:41:56.762]퉷뫹뫲FF FF 0D 04 02 38 11 A3 FF FF 0D 13 00 00 08 00 00 22 04 79 00 00 00 00 00 08 00 00 00 00 30 
[18:41:56.812]퉷뫹뫲FF FF 0D 04 02 38 11 A3 FF FF 0D 13 00 00 08 00 00 22 04 79 00 00 00 00 00 08 00 00 00 00 30 
[18:41:56.862]퉷뫹뫲FF FF 0D 04 02 38 11 A3 FF FF 0D 13 00 00 08 00 00 22 04 79 00 00 00 00 00 08 00 00 00 00 30 
[18:41:56.912]퉷뫹뫲FF FF 0D 04 02 38 11 A3 FF FF 0D 13 00 00 08 00 00 22 04 79 00 00 00 00 00 08 00 00 00 00 30 
[18:41:56.962]퉷뫹뫲FF FF 0D 04 02 38 11 A3 FF FF 0D 13 00 00 08 00 00 22 04 79 00 00 00 00 00 08 00 00 00 00 30 
[18:41:57.012]퉷뫹뫲FF FF 0D 04 02 38 11 A3 FF FF 0D 13 00 00 08 00 00 22 04 79 00 00 00 00 00 08 00 00 00 00 30 
[18:41:57.062]퉷뫹뫲FF FF 0D 04 02 38 11 A3 FF FF 0D 13 00 00 08 00 00 22 04 79 00 00 00 00 00 08 00 00 00 00 30 
[18:41:57.112]퉷뫹뫲FF FF 0D 04 02 38 11 A3 FF FF 0D 13 00 00 08 00 00 22 04 79 00 00 00 00 00 08 00 00 00 00 30 
[18:41:57.162]퉷뫹뫲FF FF 0D 04 02 38 11 A3 FF FF 0D 13 00 00 08 00 00 22 04 79 00 00 00 00 00 08 00 00 00 00 30 
[18:41:57.212]퉷뫹뫲FF FF 0D 04 02 38 11 A3 FF FF 0D 13 00 00 08 00 00 22 04 79 00 00 00 00 00 08 00 00 00 00 30 
[18:41:57.262]퉷뫹뫲FF FF 0D 04 02 38 11 A3 FF FF 0D 13 00 00 08 00 00 22 04 79 00 00 00 00 00 08 00 00 00 00 30 
[18:41:57.312]퉷뫹뫲FF FF 0D 04 02 38 11 A3 FF FF 0D 13 00 00 08 00 00 22 04 79 00 00 00 00 00 08 00 00 00 00 30 
[18:41:57.362]퉷뫹뫲FF FF 0D 04 02 38 11 A3 FF FF 0D 13 00 00 08 00 00 22 04 79 00 00 00 00 00 08 00 00 00 00 30 
[18:41:57.412]퉷뫹뫲FF FF 0D 04 02 38 11 A3 FF FF 0D 13 00 00 08 00 00 22 04 79 00 00 00 00 00 08 00 00 00 00 30 
[18:41:57.462]퉷뫹뫲FF FF 0D 04 02 38 11 A3 FF FF 0D 13 00 00 08 00 00 22 04 79 00 00 00 00 00 08 00 00 00 00 30 
[18:41:57.512]퉷뫹뫲FF FF 0D 04 02 38 11 A3 FF FF 0D 13 00 00 08 00 00 22 04 79 00 00 00 00 00 08 00 00 00 00 30 
[18:41:57.562]퉷뫹뫲FF FF 0D 04 02 38 11 A3 FF FF 0D 13 00 00 08 00 00 22 04 79 00 00 00 00 00 08 00 00 00 00 30 
[18:41:57.612]퉷뫹뫲FF FF 0D 04 02 38 11 A3 FF FF 0D 13 00 00 08 00 00 22 04 79 00 00 00 00 00 08 00 00 00 00 30 
[18:41:57.663]퉷뫹뫲FF FF 0D 04 02 38 11 A3 FF FF 0D 13 00 00 08 00 00 22 04 79 00 00 00 00 00 08 00 00 00 00 30 
[18:41:57.712]퉷뫹뫲FF FF 0D 04 02 38 11 A3 FF FF 0D 13 00 00 08 00 00 22 04 79 00 00 00 00 00 08 00 00 00 00 30 
[18:41:57.762]퉷뫹뫲FF FF 0D 04 02 38 11 A3 FF FF 0D 13 00 00 08 00 00 22 04 79 00 00 00 00 00 08 00 00 00 00 30 
[18:41:57.812]퉷뫹뫲FF FF 0D 04 02 38 11 A3 FF FF 0D 13 00 00 08 00 00 22 04 79 00 00 00 00 00 08 00 00 00 00 30 
[18:41:57.862]퉷뫹뫲FF FF 0D 04 02 38 11 A3 FF FF 0D 13 00 00 08 00 00 22 04 79 00 00 00 00 00 08 00 00 00 00 30 
[18:41:57.912]퉷뫹뫲FF FF 0D 04 02 38 11 A3 FF FF 0D 13 00 00 08 00 00 22 04 79 00 00 00 00 00 08 00 00 00 00 30 
[18:41:57.962]퉷뫹뫲FF FF 0D 04 02 38 11 A3 FF FF 0D 13 00 00 08 00 00 22 04 79 00 00 00 00 00 08 00 00 00 00 30 
[18:41:58.012]퉷뫹뫲FF FF 0D 04 02 38 11 A3 FF FF 0D 13 00 00 08 00 00 22 04 79 00 00 00 00 00 08 01 00 00 00 2F 
[18:41:58.062]퉷뫹뫲FF FF 0D 04 02 38 11 A3 FF FF 0D 13 00 00 08 00 00 22 04 79 00 00 00 00 00 08 00 00 00 00 30 
[18:41:58.113]퉷뫹뫲FF FF 0D 04 02 38 11 A3 FF FF 0D 13 00 00 08 00 00 22 04 79 00 00 00 00 00 08 00 00 00 00 30 
[18:41:58.162]퉷뫹뫲FF FF 0D 04 02 38 11 A3 FF FF 0D 13 00 00 08 00 00 22 04 79 00 00 00 00 00 08 00 00 00 00 30 
[18:41:58.212]퉷뫹뫲FF FF 0D 04 02 38 11 A3 FF FF 0D 13 00 00 08 00 00 22 04 79 00 00 00 00 00 08 00 00 00 00 30 
[18:41:58.262]퉷뫹뫲FF FF 0D 04 02 38 11 A3 FF FF 0D 13 00 00 08 00 00 22 04 79 00 00 00 00 00 08 00 00 00 00 30 
[18:41:58.312]퉷뫹뫲FF FF 0D 04 02 38 11 A3 FF FF 0D 13 00 00 08 00 00 22 04 79 00 00 00 00 00 08 00 00 00 00 30 
[18:41:58.363]퉷뫹뫲FF FF 0D 04 02 38 11 A3 FF FF 0D 13 00 00 08 00 80 22 04 79 00 00 00 00 00 08 00 00 00 00 B0 
[18:41:58.412]퉷뫹뫲FF FF 0D 04 02 38 11 A3 FF FF 0D 13 00 00 08 00 80 22 04 79 00 00 00 00 00 08 00 00 00 00 B0 
[18:41:58.462]퉷뫹뫲FF FF 0D 04 02 38 11 A3 FF FF 0D 13 00 00 08 00 00 22 04 79 00 00 00 00 00 08 00 00 00 00 30 
[18:41:58.512]퉷뫹뫲FF FF 0D 04 02 38 11 A3 FF FF 0D 13 00 00 08 00 00 22 04 79 00 00 00 00 00 08 00 00 00 00 30 
[18:41:58.562]퉷뫹뫲FF FF 0D 04 02 38 11 A3 FF FF 0D 13 00 00 08 00 00 22 04 79 00 00 00 00 00 08 00 00 00 00 30 
[18:41:58.612]퉷뫹뫲FF FF 0D 04 02 38 11 A3 FF FF 0D 13 00 00 08 00 00 22 04 79 00 00 00 00 00 08 00 00 00 00 30 
[18:41:58.662]퉷뫹뫲FF FF 0D 04 02 38 11 A3 FF FF 0D 13 00 00 08 00 00 22 04 79 00 00 00 00 00 08 00 00 00 00 30 
[18:41:58.712]퉷뫹뫲FF FF 0D 04 02 38 11 A3 FF FF 0D 13 00 00 08 00 00 22 04 79 00 00 00 00 00 08 00 00 00 00 30 
[18:41:58.762]퉷뫹뫲FF FF 0D 04 02 38 11 A3 FF FF 0D 13 00 00 08 00 00 22 04 79 00 00 00 00 00 08 00 00 00 00 30 
[18:41:58.812]퉷뫹뫲FF FF 0D 04 02 38 11 A3 FF FF 0D 13 00 00 08 00 00 22 04 79 00 00 00 00 00 08 00 00 00 00 30 
[18:41:58.862]퉷뫹뫲FF FF 0D 04 02 38 11 A3 FF FF 0D 13 00 00 08 00 00 22 04 79 00 00 00 00 00 08 00 00 00 00 30 
[18:41:58.912]퉷뫹뫲FF FF 0D 04 02 38 11 A3 FF FF 0D 13 00 00 08 00 00 22 04 79 00 00 00 00 00 08 00 00 00 00 30 
[18:41:58.962]퉷뫹뫲FF FF 0D 04 02 38 11 A3 FF FF 0D 13 00 00 08 00 00 22 04 79 00 00 00 00 00 08 00 00 00 00 30 
[18:41:59.012]퉷뫹뫲FF FF 0D 04 02 38 11 A3 FF FF 0D 13 00 00 08 00 00 22 04 79 00 00 00 00 00 08 00 00 00 00 30 
[18:41:59.062]퉷뫹뫲FF FF 0D 04 02 38 11 A3 FF FF 0D 13 00 00 08 00 00 22 04 79 00 00 00 00 00 08 00 00 00 00 30 
[18:41:59.113]퉷뫹뫲FF FF 0D 04 02 38 11 A3 FF FF 0D 13 00 00 08 00 00 22 04 79 00 00 00 00 00 08 00 00 00 00 30 
[18:41:59.162]퉷뫹뫲FF FF 0D 04 02 38 11 A3 FF FF 0D 13 00 00 08 00 00 22 04 79 00 00 00 00 00 08 00 00 00 00 30 
[18:41:59.212]퉷뫹뫲FF FF 0D 04 02 38 11 A3 FF FF 0D 13 00 00 08 00 00 22 04 79 00 00 00 00 00 08 00 00 00 00 30 
[18:41:59.262]퉷뫹뫲FF FF 0D 04 02 38 11 A3 FF FF 0D 13 00 00 08 00 00 22 04 79 00 00 00 00 00 08 00 00 00 00 30 
[18:41:59.312]퉷뫹뫲FF FF 0D 04 02 38 11 A3 FF FF 0D 13 00 00 08 00 00 22 04 79 00 00 00 00 00 08 00 00 00 00 30 
[18:41:59.362]퉷뫹뫲FF FF 0D 04 02 38 11 A3 FF FF 0D 13 00 00 08 00 00 22 04 79 00 00 00 00 00 08 00 00 00 00 30 
[18:41:59.412]퉷뫹뫲FF FF 0D 04 02 38 11 A3 FF FF 0D 13 00 00 08 00 00 22 04 79 00 00 00 00 00 08 00 00 00 00 30 
[18:41:59.462]퉷뫹뫲FF FF 0D 04 02 38 11 A3 FF FF 0D 13 00 00 08 00 00 22 04 79 00 00 00 00 00 08 00 00 00 00 30 
[18:41:59.512]퉷뫹뫲FF FF 0D 04 02 38 11 A3 FF FF 0D 13 00 00 08 00 00 22 04 79 00 00 00 00 00 08 00 00 00 00 30 
[18:41:59.562]퉷뫹뫲FF FF 0D 04 02 38 11 A3 FF FF 0D 13 00 00 08 00 00 22 04 79 00 00 00 00 00 08 00 00 00 00 30 
[18:41:59.612]퉷뫹뫲FF FF 0D 04 02 38 11 A3 FF FF 0D 13 00 00 08 00 00 22 04 79 00 00 00 00 00 08 00 00 00 00 30 
[18:41:59.662]퉷뫹뫲FF FF 0D 04 02 38 11 A3 FF FF 0D 13 00 00 08 00 00 22 04 79 00 00 00 00 00 08 00 00 00 00 30 
[18:41:59.712]퉷뫹뫲FF FF 0D 04 02 38 11 A3 FF FF 0D 13 00 00 08 00 00 22 04 79 00 00 00 00 00 08 00 00 00 00 30 
[18:41:59.762]퉷뫹뫲FF FF 0D 04 02 38 11 A3 FF FF 0D 13 00 00 08 00 00 22 04 79 00 00 00 00 00 08 00 00 00 00 30 
[18:41:59.812]퉷뫹뫲FF FF 0D 04 02 38 11 A3 FF FF 0D 13 00 00 08 00 00 22 04 79 00 00 00 00 00 08 00 00 00 00 30 
[18:41:59.862]퉷뫹뫲FF FF 0D 04 02 38 11 A3 FF FF 0D 13 00 00 08 00 00 22 04 79 00 00 00 00 00 08 00 00 00 00 30 
[18:41:59.912]퉷뫹뫲FF FF 0D 04 02 38 11 A3 FF FF 0D 13 00 00 08 00 00 22 04 79 00 00 00 00 00 08 00 00 00 00 30 
[18:41:59.962]퉷뫹뫲FF FF 0D 04 02 38 11 A3 FF FF 0D 13 00 00 08 00 00 22 04 79 00 00 00 00 00 08 00 00 00 00 30 
[18:42:00.012]퉷뫹뫲FF FF 0D 04 02 38 11 A3 FF FF 0D 13 00 00 08 00 00 22 04 79 00 00 00 00 00 08 00 00 00 00 30 
[18:42:00.062]퉷뫹뫲FF FF 0D 04 02 38 11 A3 FF FF 0D 13 00 00 08 00 00 22 04 79 00 00 00 00 00 08 00 00 00 00 30 
[18:42:00.112]퉷뫹뫲FF FF 0D 04 02 38 11 A3 FF FF 0D 13 00 00 08 00 00 22 04 79 00 00 00 00 00 08 00 00 00 00 30 
[18:42:00.163]퉷뫹뫲FF FF 0D 04 02 38 11 A3 FF FF 0D 13 00 00 08 00 00 22 04 79 00 00 00 00 00 08 00 00 00 00 30 
[18:42:00.212]퉷뫹뫲FF FF 0D 04 02 38 11 A3 FF FF 0D 13 00 00 08 00 00 22 04 79 00 00 00 00 00 08 00 00 00 00 30 
[18:42:00.262]퉷뫹뫲FF FF 0D 04 02 38 11 A3 FF FF 0D 13 00 00 08 00 00 22 04 79 00 00 00 00 00 08 00 00 00 00 30 
[18:42:00.312]퉷뫹뫲FF FF 0D 04 02 38 11 A3 FF FF 0D 13 00 00 08 00 00 22 04 79 00 00 00 00 00 08 00 00 00 00 30 
[18:42:00.362]퉷뫹뫲FF FF 0D 04 02 38 11 A3 FF FF 0D 13 00 00 08 00 00 22 04 79 00 00 00 00 00 08 00 00 00 00 30 
[18:42:00.412]퉷뫹뫲FF FF 0D 04 02 38 11 A3 FF FF 0D 13 00 00 08 00 00 22 04 79 00 00 00 00 00 08 00 00 00 00 30 
[18:42:00.462]퉷뫹뫲FF FF 0D 04 02 38 11 A3 FF FF 0D 13 00 00 08 00 00 22 04 78 00 00 00 00 00 08 00 00 00 00 31 
[18:42:00.512]퉷뫹뫲FF FF 0D 04 02 38 11 A3 FF FF 0D 13 00 00 08 00 00 22 04 79 00 00 00 00 00 08 00 00 00 00 30 
[18:42:00.562]퉷뫹뫲FF FF 0D 04 02 38 11 A3 FF FF 0D 13 00 00 08 00 00 22 04 79 00 00 00 00 00 08 00 00 00 00 30 
[18:42:00.612]퉷뫹뫲FF FF 0D 04 02 38 11 A3 FF FF 0D 13 00 00 08 00 00 22 04 79 00 00 00 00 00 08 00 00 00 00 30 
[18:42:00.662]퉷뫹뫲FF FF 0D 04 02 38 11 A3 FF FF 0D 13 00 00 08 00 00 22 04 79 00 00 00 00 00 08 00 00 00 00 30 
[18:42:00.712]퉷뫹뫲FF FF 0D 04 02 38 11 A3 FF FF 0D 13 00 00 08 00 00 22 04 79 00 00 00 00 00 08 00 00 00 00 30 
[18:42:00.762]퉷뫹뫲FF FF 0D 04 02 38 11 A3 FF FF 0D 13 00 00 08 00 00 22 04 79 00 00 00 00 00 08 00 00 00 00 30 
[18:42:00.812]퉷뫹뫲FF FF 0D 04 02 38 11 A3 FF FF 0D 13 00 00 08 00 00 22 04 79 00 00 00 00 00 08 00 00 00 00 30 
[18:42:00.862]퉷뫹뫲FF FF 0D 04 02 38 11 A3 FF FF 0D 13 00 00 08 00 00 22 04 79 00 00 00 00 00 08 00 00 00 00 30 
[18:42:00.912]퉷뫹뫲FF FF 0D 04 02 38 11 A3 FF FF 0D 13 00 00 08 00 00 22 04 79 00 00 00 00 00 08 00 00 00 00 30 
[18:42:00.962]퉷뫹뫲FF FF 0D 04 02 38 11 A3 FF FF 0D 13 00 00 08 00 00 22 04 79 00 00 00 00 00 08 00 00 00 00 30 
[18:42:01.012]퉷뫹뫲FF FF 0D 04 02 38 11 A3 FF FF 0D 13 00 00 08 00 00 22 04 79 00 00 00 00 00 08 00 00 00 00 30 
[18:42:01.062]퉷뫹뫲FF FF 0D 04 02 38 11 A3 FF FF 0D 13 00 00 08 00 00 22 04 79 00 00 00 00 00 08 00 00 00 00 30 
[18:42:01.112]퉷뫹뫲FF FF 0D 04 02 38 11 A3 FF FF 0D 13 00 00 08 00 00 22 04 79 00 00 00 00 00 08 00 00 00 00 30 
[18:42:01.162]퉷뫹뫲FF FF 0D 04 02 38 11 A3 FF FF 0D 13 00 00 08 00 00 22 04 79 00 00 00 00 00 08 00 00 00 00 30 
[18:42:01.212]퉷뫹뫲FF FF 0D 04 02 38 11 A3 FF FF 0D 13 00 00 08 00 00 22 04 79 00 00 00 00 00 08 00 00 00 00 30 
[18:42:01.262]퉷뫹뫲FF FF 0D 04 02 38 11 A3 FF FF 0D 13 00 00 08 00 00 22 04 79 00 00 00 00 00 08 00 00 00 00 30 
[18:42:01.312]퉷뫹뫲FF FF 0D 04 02 38 11 A3 FF FF 0D 13 00 00 08 00 00 22 04 79 00 00 00 00 00 08 00 00 00 00 30 
[18:42:01.362]퉷뫹뫲FF FF 0D 04 02 38 11 A3 FF FF 0D 13 00 00 08 00 00 22 04 79 00 00 00 00 00 08 00 00 00 00 30 
[18:42:01.412]퉷뫹뫲FF FF 0D 04 02 38 11 A3 FF FF 0D 13 00 00 08 00 00 22 04 79 00 00 00 00 00 08 00 00 00 00 30 
[18:42:01.462]퉷뫹뫲FF FF 0D 04 02 38 11 A3 FF FF 0D 13 00 00 08 00 00 22 04 79 00 00 00 00 00 08 00 00 00 00 30 
[18:42:01.512]퉷뫹뫲FF FF 0D 04 02 38 11 A3 FF FF 0D 13 00 00 08 00 00 22 04 79 00 00 00 00 00 08 00 00 00 00 30 
[18:42:01.562]퉷뫹뫲FF FF 0D 04 02 38 11 A3 FF FF 0D 13 00 00 08 00 00 22 04 79 00 00 00 00 00 08 00 00 00 00 30 
[18:42:01.612]퉷뫹뫲FF FF 0D 04 02 38 11 A3 FF FF 0D 13 00 00 08 00 00 22 04 79 00 00 00 00 00 08 00 00 00 00 30 
[18:42:01.662]퉷뫹뫲FF FF 0D 04 02 38 11 A3 FF FF 0D 13 00 00 08 00 00 22 04 79 00 00 00 00 00 08 00 00 00 00 30 
[18:42:01.712]퉷뫹뫲FF FF 0D 04 02 38 11 A3 FF FF 0D 13 00 00 08 00 00 22 04 79 00 00 00 00 00 08 00 00 00 00 30 
[18:42:01.762]퉷뫹뫲FF FF 0D 04 02 38 11 A3 FF FF 0D 13 00 00 08 00 00 22 04 79 00 00 00 00 00 08 00 00 00 00 30 
[18:42:01.812]퉷뫹뫲FF FF 0D 04 02 38 11 A3 FF FF 0D 13 00 00 08 00 00 22 04 79 00 00 00 00 00 08 00 00 00 00 30 
[18:42:01.862]퉷뫹뫲FF FF 0D 04 02 38 11 A3 FF FF 0D 13 00 00 08 00 00 22 04 79 00 00 00 00 00 08 00 00 00 00 30 
[18:42:01.912]퉷뫹뫲FF FF 0D 04 02 38 11 A3 FF FF 0D 13 00 00 08 00 00 22 04 79 00 00 00 00 00 08 00 00 00 00 30 
[18:42:01.962]퉷뫹뫲FF FF 0D 04 02 38 11 A3 FF FF 0D 13 00 00 08 00 00 22 04 79 00 00 00 00 00 08 00 00 00 00 30 
[18:42:02.012]퉷뫹뫲FF FF 0D 04 02 38 11 A3 FF FF 0D 13 00 00 08 00 00 22 04 79 00 00 00 00 00 08 00 00 00 00 30 
[18:42:02.062]퉷뫹뫲FF FF 0D 04 02 38 11 A3 FF FF 0D 13 00 00 08 00 00 22 04 79 00 00 00 00 00 08 00 00 00 00 30 
[18:42:02.112]퉷뫹뫲FF FF 0D 04 02 38 11 A3 FF FF 0D 13 00 00 08 00 00 22 04 79 00 00 00 00 00 08 00 00 00 00 30 
[18:42:02.162]퉷뫹뫲FF FF 0D 04 02 38 11 A3 FF FF 0D 13 00 00 08 00 00 22 04 79 00 00 00 00 00 08 00 00 00 00 30 
[18:42:02.212]퉷뫹뫲FF FF 0D 04 02 38 11 A3 FF FF 0D 13 00 00 08 00 00 22 04 79 00 00 00 00 00 08 00 00 00 00 30 
[18:42:02.262]퉷뫹뫲FF FF 0D 04 02 38 11 A3 FF FF 0D 13 00 00 08 00 00 22 04 79 00 00 00 00 00 08 00 00 00 00 30 
[18:42:02.312]퉷뫹뫲FF FF 0D 04 02 38 11 A3 FF FF 0D 13 00 00 08 00 00 22 04 79 00 00 00 00 00 08 00 00 00 00 30 
[18:42:02.362]퉷뫹뫲FF FF 0D 04 02 38 11 A3 FF FF 0D 13 00 00 08 00 00 22 04 79 00 00 00 00 00 08 00 00 00 00 30 
[18:42:02.412]퉷뫹뫲FF FF 0D 04 02 38 11 A3 FF FF 0D 13 00 00 08 00 00 22 04 79 00 00 00 00 00 08 00 00 00 00 30 
[18:42:02.462]퉷뫹뫲FF FF 0D 04 02 38 11 A3 FF FF 0D 13 00 00 08 00 00 22 04 79 00 00 00 00 00 08 00 00 00 00 30 
[18:42:02.512]퉷뫹뫲FF FF 0D 04 02 38 11 A3 FF FF 0D 13 00 00 08 00 00 22 04 79 00 00 00 00 00 08 00 00 00 00 30 
[18:42:02.562]퉷뫹뫲FF FF 0D 04 02 38 11 A3 FF FF 0D 13 00 00 08 00 00 22 04 79 00 00 00 00 00 08 00 00 00 00 30 
[18:42:02.612]퉷뫹뫲FF FF 0D 04 02 38 11 A3 FF FF 0D 13 00 00 08 00 00 22 04 79 00 00 00 00 00 08 00 00 00 00 30 
[18:42:02.662]퉷뫹뫲FF FF 0D 04 02 38 11 A3 FF FF 0D 13 00 00 08 00 00 22 04 79 00 00 00 00 00 08 00 00 00 00 30 
[18:42:02.712]퉷뫹뫲FF FF 0D 04 02 38 11 A3 FF FF 0D 13 00 00 08 00 00 22 04 79 00 00 00 00 00 08 00 00 00 00 30 
[18:42:02.762]퉷뫹뫲FF FF 0D 04 02 38 11 A3 FF FF 0D 13 00 00 08 00 00 22 04 79 00 00 00 00 00 08 00 00 00 00 30 
[18:42:02.812]퉷뫹뫲FF FF 0D 04 02 38 11 A3 FF FF 0D 13 00 00 08 00 00 22 04 79 00 00 00 00 00 08 00 00 00 00 30 
[18:42:02.862]퉷뫹뫲FF FF 0D 04 02 38 11 A3 FF FF 0D 13 00 00 08 00 00 22 04 79 00 00 00 00 00 08 00 00 00 00 30 
[18:42:02.912]퉷뫹뫲FF FF 0D 04 02 38 11 A3 FF FF 0D 13 00 00 08 00 00 22 04 79 00 00 00 00 00 08 00 00 00 00 30 
[18:42:02.963]퉷뫹뫲FF FF 0D 04 02 38 11 A3 FF FF 0D 13 00 00 08 00 00 22 04 79 00 00 00 00 00 08 00 00 00 00 30 
[18:42:03.012]퉷뫹뫲FF FF 0D 04 02 38 11 A3 FF FF 0D 13 00 00 08 00 00 22 04 79 00 00 00 00 00 08 00 00 00 00 30 
[18:42:03.062]퉷뫹뫲FF FF 0D 04 02 38 11 A3 FF FF 0D 13 00 00 08 00 00 22 04 79 00 00 00 00 00 08 00 00 00 00 30 
[18:42:03.112]퉷뫹뫲FF FF 0D 04 02 38 11 A3 FF FF 0D 13 00 00 08 00 00 22 04 79 00 00 00 00 00 08 00 00 00 00 30 
[18:42:03.162]퉷뫹뫲FF FF 0D 04 02 38 11 A3 FF FF 0D 13 00 00 08 00 00 22 04 79 00 00 00 00 00 08 00 00 00 00 30 
[18:42:03.213]퉷뫹뫲FF FF 0D 04 02 38 11 A3 FF FF 0D 13 00 00 08 00 00 22 04 79 00 00 00 00 00 08 00 00 00 00 30 
[18:42:03.262]퉷뫹뫲FF FF 0D 04 02 38 11 A3 FF FF 0D 13 00 00 08 00 00 22 04 79 00 00 00 00 00 08 00 00 00 00 30 
[18:42:03.312]퉷뫹뫲FF FF 0D 04 02 38 11 A3 FF FF 0D 13 00 00 08 00 00 22 04 79 00 00 00 00 00 08 00 00 00 00 30 
[18:42:03.362]퉷뫹뫲FF FF 0D 04 02 38 11 A3 FF FF 0D 13 00 00 08 00 00 22 04 79 00 00 00 00 00 08 00 00 00 00 30 
[18:42:03.412]퉷뫹뫲FF FF 0D 04 02 38 11 A3 FF FF 0D 13 00 00 08 00 00 22 04 79 00 00 00 00 00 08 00 00 00 00 30 
[18:42:03.462]퉷뫹뫲FF FF 0D 04 02 38 11 A3 FF FF 0D 13 00 00 08 00 00 22 04 79 00 00 00 00 00 08 00 00 00 00 30 
[18:42:03.512]퉷뫹뫲FF FF 0D 04 02 38 11 A3 FF FF 0D 13 00 00 08 00 00 22 04 79 00 00 00 00 00 08 00 00 00 00 30 
[18:42:03.562]퉷뫹뫲FF FF 0D 04 02 38 11 A3 FF FF 0D 13 00 00 08 00 00 22 04 79 00 00 00 00 00 08 00 00 00 00 30 
[18:42:03.612]퉷뫹뫲FF FF 0D 04 02 38 11 A3 FF FF 0D 13 00 00 08 00 00 22 04 79 00 00 00 00 00 08 00 00 00 00 30 
[18:42:03.663]퉷뫹뫲FF FF 0D 04 02 38 11 A3 FF FF 0D 13 00 00 08 00 00 22 04 79 00 00 00 00 00 08 00 00 00 00 30 