
[18:37:50.012]퉷뫹뫲FF FF 0D 04 02 38 11 A3 FF FF 0D 13 00 00 08 00 00 21 04 79 00 00 00 00 00 08 00 00 00 00 31 
[18:37:50.062]퉷뫹뫲FF FF 0D 04 02 38 11 A3 FF FF 0D 13 00 00 08 00 00 21 04 79 00 00 00 00 00 08 00 00 00 00 31 
[18:37:50.112]퉷뫹뫲FF FF 0D 04 02 38 11 A3 FF FF 0D 13 00 00 08 00 00 21 04 79 00 00 00 00 00 08 00 00 00 00 31 
[18:37:50.162]퉷뫹뫲FF FF 0D 04 02 38 11 A3 FF FF 0D 13 00 00 08 00 00 21 04 79 00 00 00 00 00 08 00 00 00 00 31 
[18:37:50.211]퉷뫹뫲FF FF 0D 04 02 38 11 A3 FF FF 0D 13 00 00 08 00 00 21 04 79 00 00 00 00 00 08 00 00 00 00 31 
[18:37:50.262]퉷뫹뫲FF FF 0D 04 02 38 11 A3 FF FF 0D 13 00 00 08 00 00 21 04 79 00 00 00 00 00 08 00 00 00 00 31 
[18:37:50.311]퉷뫹뫲FF FF 0D 04 02 38 11 A3 FF FF 0D 13 00 00 08 00 00 21 04 79 00 00 00 00 00 08 00 00 00 00 31 
[18:37:50.362]퉷뫹뫲FF FF 0D 04 02 38 11 A3 FF FF 0D 13 00 00 08 00 00 21 04 79 00 00 00 00 00 08 00 00 00 00 31 
[18:37:50.412]퉷뫹뫲FF FF 0D 04 02 38 11 A3 FF FF 0D 13 00 00 08 00 00 21 04 78 00 00 00 00 00 08 00 00 00 00 32 
[18:37:50.463]퉷뫹뫲FF FF 0D 04 02 38 11 A3 FF FF 0D 13 00 00 08 00 00 21 04 79 00 00 00 00 00 08 00 00 00 00 31 
[18:37:50.511]퉷뫹뫲FF FF 0D 04 02 38 11 A3 FF FF 0D 13 00 00 08 00 00 21 04 79 00 00 00 00 00 08 00 00 00 00 31 
[18:37:50.562]퉷뫹뫲FF FF 0D 04 02 38 11 A3 FF FF 0D 13 00 00 08 00 00 21 04 79 00 00 00 00 00 08 00 00 00 00 31 
[18:37:50.612]퉷뫹뫲FF FF 0D 04 02 38 11 A3 FF FF 0D 13 00 00 08 00 00 21 04 79 00 00 00 00 00 08 00 00 00 00 31 
[18:37:50.662]퉷뫹뫲FF FF 0D 04 02 38 11 A3 FF FF 0D 13 00 00 08 00 00 21 04 79 00 00 00 00 00 08 00 00 00 00 31 
[18:37:50.712]퉷뫹뫲FF FF 0D 04 02 38 11 A3 FF FF 0D 13 00 00 08 00 00 21 04 79 00 00 00 00 00 08 00 00 00 00 31 
[18:37:50.762]퉷뫹뫲FF FF 0D 04 02 38 11 A3 FF FF 0D 13 00 00 08 00 00 21 04 78 00 00 00 00 00 08 00 00 00 00 32 
[18:37:50.812]퉷뫹뫲FF FF 0D 04 02 38 11 A3 FF FF 0D 13 00 00 08 00 00 21 04 79 00 00 00 00 00 08 00 00 00 00 31 
[18:37:50.862]퉷뫹뫲FF FF 0D 04 02 38 11 A3 FF FF 0D 13 00 00 08 00 00 21 04 79 00 00 00 00 00 08 00 00 00 00 31 
[18:37:50.912]퉷뫹뫲FF FF 0D 04 02 38 11 A3 FF FF 0D 13 00 00 08 00 00 21 04 79 00 00 00 00 00 08 00 00 00 00 31 
[18:37:50.962]퉷뫹뫲FF FF 0D 04 02 38 11 A3 FF FF 0D 13 00 00 08 00 00 21 04 79 00 00 00 00 00 08 00 00 00 00 31 
[18:37:51.012]퉷뫹뫲FF FF 0D 04 02 38 11 A3 FF FF 0D 13 00 00 08 00 00 21 04 79 00 00 00 00 00 08 00 00 00 00 31 
[18:37:51.061]퉷뫹뫲FF FF 0D 04 02 38 11 A3 FF FF 0D 13 00 00 08 00 00 21 04 79 00 00 00 00 00 08 00 00 00 00 31 
[18:37:51.111]퉷뫹뫲FF FF 0D 04 02 38 11 A3 FF FF 0D 13 00 00 08 00 00 21 04 79 00 00 00 00 00 08 00 00 00 00 31 
[18:37:51.162]퉷뫹뫲FF FF 0D 04 02 38 11 A3 FF FF 0D 13 00 00 08 00 00 21 04 79 00 00 00 00 00 08 00 00 00 00 31 
[18:37:51.212]퉷뫹뫲FF FF 0D 04 02 38 11 A3 FF FF 0D 13 00 00 08 00 00 21 04 79 00 00 00 00 00 08 00 00 00 00 31 
[18:37:51.262]퉷뫹뫲FF FF 0D 04 02 38 11 A3 FF FF 0D 13 00 00 08 00 00 21 04 79 00 00 00 00 00 08 00 00 00 00 31 
[18:37:51.312]퉷뫹뫲FF FF 0D 04 02 38 11 A3 FF FF 0D 13 00 00 08 00 00 21 04 79 00 00 00 00 00 08 00 00 00 00 31 
[18:37:51.362]퉷뫹뫲FF FF 0D 04 02 38 11 A3 FF FF 0D 13 00 00 08 00 00 21 04 79 00 00 00 00 00 08 00 00 00 00 31 
[18:37:51.412]퉷뫹뫲FF FF 0D 04 02 38 11 A3 FF FF 0D 13 00 00 08 00 00 21 04 79 00 00 00 00 00 08 00 00 00 00 31 
[18:37:51.461]퉷뫹뫲FF FF 0D 04 02 38 11 A3 FF FF 0D 13 00 00 08 00 00 21 04 79 00 00 00 00 00 08 00 00 00 00 31 
[18:37:51.511]퉷뫹뫲FF FF 0D 04 02 38 11 A3 FF FF 0D 13 00 00 08 00 00 21 04 78 00 00 00 00 00 08 00 00 00 00 32 
[18:37:51.562]퉷뫹뫲FF FF 0D 04 02 38 11 A3 FF FF 0D 13 00 00 08 00 00 21 04 78 00 00 00 00 00 08 00 00 00 00 32 
[18:37:51.611]퉷뫹뫲FF FF 0D 04 02 38 11 A3 FF FF 0D 13 00 00 08 00 00 21 04 79 00 00 00 00 00 08 00 00 00 00 31 
[18:37:51.661]퉷뫹뫲FF FF 0D 04 02 38 11 A3 FF FF 0D 13 00 00 08 00 00 21 04 79 00 00 00 00 00 08 00 00 00 00 31 
[18:37:51.712]퉷뫹뫲FF FF 0D 04 02 38 11 A3 FF FF 0D 13 00 00 08 00 00 21 04 79 00 00 00 00 00 08 00 00 00 00 31 
[18:37:51.762]퉷뫹뫲FF FF 0D 04 02 38 11 A3 FF FF 0D 13 00 00 08 00 00 21 04 79 00 00 00 00 00 08 00 00 00 00 31 
[18:37:51.812]퉷뫹뫲FF FF 0D 04 02 38 11 A3 FF FF 0D 13 00 00 08 00 00 21 04 79 00 00 00 00 00 08 00 00 00 00 31 
[18:37:51.862]퉷뫹뫲FF FF 0D 04 02 38 11 A3 FF FF 0D 13 00 00 08 00 00 21 04 79 00 00 00 00 00 08 00 00 00 00 31 
[18:37:51.912]퉷뫹뫲FF FF 0D 04 02 38 11 A3 FF FF 0D 13 00 00 08 00 00 21 04 79 00 00 00 00 00 08 00 00 00 00 31 
[18:37:51.962]퉷뫹뫲FF FF 0D 04 02 38 11 A3 FF FF 0D 13 00 00 08 00 00 21 04 79 00 00 00 00 00 08 00 00 00 00 31 
[18:37:52.012]퉷뫹뫲FF FF 0D 04 02 38 11 A3 FF FF 0D 13 00 00 08 00 00 21 04 79 00 00 00 00 00 08 00 00 00 00 31 
[18:37:52.062]퉷뫹뫲FF FF 0D 04 02 38 11 A3 FF FF 0D 13 00 00 08 00 00 21 04 79 00 00 00 00 00 08 00 00 00 00 31 
[18:37:52.112]퉷뫹뫲FF FF 0D 04 02 38 11 A3 FF FF 0D 13 00 00 08 00 00 21 04 79 00 00 00 00 00 08 00 00 00 00 31 
[18:37:52.162]퉷뫹뫲FF FF 0D 04 02 38 11 A3 FF FF 0D 13 00 00 08 00 00 21 04 79 00 00 00 00 00 08 00 00 00 00 31 
[18:37:52.212]퉷뫹뫲FF FF 0D 04 02 38 11 A3 FF FF 0D 13 00 00 08 00 00 21 04 79 00 00 00 00 00 08 00 00 00 00 31 
[18:37:52.262]퉷뫹뫲FF FF 0D 04 02 38 11 A3 FF FF 0D 13 00 00 08 00 00 21 04 79 00 00 00 00 00 08 00 00 00 00 31 
[18:37:52.312]퉷뫹뫲FF FF 0D 04 02 38 11 A3 FF FF 0D 13 00 00 08 00 00 21 04 79 00 00 00 00 00 08 00 00 00 00 31 
[18:37:52.362]퉷뫹뫲FF FF 0D 04 02 38 11 A3 FF FF 0D 13 00 00 08 00 00 21 04 79 00 00 00 00 00 08 00 00 00 00 31 
[18:37:52.412]퉷뫹뫲FF FF 0D 04 02 38 11 A3 FF FF 0D 13 00 00 08 00 00 21 04 79 00 00 00 00 00 08 00 00 00 00 31 
[18:37:52.462]퉷뫹뫲FF FF 0D 04 02 38 11 A3 FF FF 0D 13 00 00 08 00 00 21 04 79 00 00 00 00 00 08 00 00 00 00 31 
[18:37:52.512]퉷뫹뫲FF FF 0D 04 02 38 11 A3 FF FF 0D 13 00 00 08 00 00 21 04 79 00 00 00 00 00 08 00 00 00 00 31 
[18:37:52.562]퉷뫹뫲FF FF 0D 04 02 38 11 A3 FF FF 0D 13 00 00 08 00 00 21 04 79 00 00 00 00 00 08 00 00 00 00 31 
[18:37:52.612]퉷뫹뫲FF FF 0D 04 02 38 11 A3 FF FF 0D 13 00 00 08 00 00 21 04 79 00 00 00 00 00 08 00 00 00 00 31 
[18:37:52.661]퉷뫹뫲FF FF 0D 04 02 38 11 A3 FF FF 0D 13 00 00 08 00 00 21 04 79 00 00 00 00 00 08 00 00 00 00 31 
[18:37:52.711]퉷뫹뫲FF FF 0D 04 02 38 11 A3 FF FF 0D 13 00 00 08 00 00 21 04 79 00 00 00 00 00 08 00 00 00 00 31 
[18:37:52.762]퉷뫹뫲FF FF 0D 04 02 38 11 A3 FF FF 0D 13 00 00 08 00 00 21 04 79 00 00 00 00 00 08 00 00 00 00 31 
[18:37:52.812]퉷뫹뫲FF FF 0D 04 02 38 11 A3 FF FF 0D 13 00 01 08 00 00 21 04 79 00 00 00 00 00 08 00 00 00 00 30 
[18:37:52.862]퉷뫹뫲FF FF 0D 04 02 38 11 A3 FF FF 0D 13 00 00 08 00 00 21 04 79 00 00 00 00 00 08 00 00 00 00 31 
[18:37:52.912]퉷뫹뫲FF FF 0D 04 02 38 11 A3 FF FF 0D 13 00 00 08 00 00 21 04 79 00 00 00 00 00 08 00 00 00 00 31 
[18:37:52.962]퉷뫹뫲FF FF 0D 04 02 38 11 A3 FF FF 0D 13 00 00 08 00 00 21 04 79 00 00 00 00 00 08 00 00 00 00 31 
[18:37:53.012]퉷뫹뫲FF FF 0D 04 02 38 11 A3 FF FF 0D 13 00 00 08 00 80 21 04 79 00 00 00 00 00 08 00 00 00 00 B1 
[18:37:53.062]퉷뫹뫲FF FF 0D 04 02 38 11 A3 FF FF 0D 13 00 00 08 00 80 21 04 79 00 00 00 00 00 08 00 00 00 00 B1 
[18:37:53.111]퉷뫹뫲FF FF 0D 04 02 38 11 A3 FF FF 0D 13 00 00 08 00 80 21 04 78 00 00 00 00 00 08 00 00 00 00 B2 
[18:37:53.162]퉷뫹뫲FF FF 0D 04 02 38 11 A3 FF FF 0D 13 00 00 08 00 80 21 04 79 00 00 00 00 00 08 00 00 00 00 B1 
[18:37:53.212]퉷뫹뫲FF FF 0D 04 02 38 11 A3 FF FF 0D 13 00 00 08 00 80 21 04 79 00 00 00 00 00 08 00 00 00 00 B1 
[18:37:53.261]퉷뫹뫲FF FF 0D 04 02 38 11 A3 FF FF 0D 13 00 00 08 00 80 21 04 79 00 00 00 00 00 08 00 00 00 00 B1 
[18:37:53.312]퉷뫹뫲FF FF 0D 04 02 38 11 A3 FF FF 0D 13 00 00 08 00 80 21 04 79 00 00 00 00 00 08 00 00 00 00 B1 
[18:37:53.363]퉷뫹뫲FF FF 0D 04 02 38 11 A3 FF FF 0D 13 00 00 08 00 80 21 04 79 00 00 00 00 00 08 00 00 00 00 B1 
[18:37:53.412]퉷뫹뫲FF FF 0D 04 02 38 11 A3 FF FF 0D 13 00 00 08 00 80 21 04 79 00 00 00 00 00 08 00 00 00 00 B1 
[18:37:53.462]퉷뫹뫲FF FF 0D 04 02 38 11 A3 FF FF 0D 13 00 00 08 00 80 21 04 79 00 00 00 00 00 08 00 00 00 00 B1 
[18:37:53.511]퉷뫹뫲FF FF 0D 04 02 38 11 A3 FF FF 0D 13 00 00 08 00 80 21 04 79 00 00 00 00 00 08 00 00 00 00 B1 
[18:37:53.562]퉷뫹뫲FF FF 0D 04 02 38 11 A3 FF FF 0D 13 00 00 08 00 80 21 04 79 00 00 00 00 00 08 00 00 00 00 B1 
[18:37:53.612]퉷뫹뫲FF FF 0D 04 02 38 11 A3 FF FF 0D 13 00 00 08 00 80 21 04 78 00 00 00 00 00 08 00 00 00 00 B2 
[18:37:53.662]퉷뫹뫲FF FF 0D 04 02 38 11 A3 FF FF 0D 13 00 00 08 00 80 21 04 79 00 00 00 00 00 08 00 00 00 00 B1 
[18:37:53.712]퉷뫹뫲FF FF 0D 04 02 38 11 A3 FF FF 0D 13 00 00 08 00 80 21 04 79 00 00 00 00 00 08 00 00 00 00 B1 
[18:37:53.762]퉷뫹뫲FF FF 0D 04 02 38 11 A3 FF FF 0D 13 00 00 08 00 80 21 04 78 00 00 00 00 00 08 00 00 00 00 B2 
[18:37:53.812]퉷뫹뫲FF FF 0D 04 02 38 11 A3 FF FF 0D 13 00 00 08 00 80 21 04 79 00 00 00 00 00 08 00 00 00 00 B1 
[18:37:53.862]퉷뫹뫲FF FF 0D 04 02 38 11 A3 FF FF 0D 13 00 00 08 00 80 21 04 79 00 00 00 00 00 08 00 00 00 00 B1 
[18:37:53.913]퉷뫹뫲FF FF 0D 04 02 38 11 A3 FF FF 0D 13 00 00 08 00 80 21 04 79 00 00 00 00 00 08 00 00 00 00 B1 
[18:37:53.961]퉷뫹뫲FF FF 0D 04 02 38 11 A3 FF FF 0D 13 00 00 08 00 80 21 04 79 00 00 00 00 00 08 00 00 00 00 B1 
[18:37:54.012]퉷뫹뫲FF FF 0D 04 02 38 11 A3 FF FF 0D 13 00 00 08 00 80 21 04 79 00 00 00 00 00 08 00 00 00 00 B1 
[18:37:54.062]퉷뫹뫲FF FF 0D 04 02 38 11 A3 FF FF 0D 13 00 00 08 00 80 21 04 79 00 00 00 00 00 08 00 00 00 00 B1 
[18:37:54.112]퉷뫹뫲FF FF 0D 04 02 38 11 A3 FF FF 0D 13 00 00 08 00 80 21 04 79 00 00 00 00 00 08 00 00 00 00 B1 
[18:37:54.162]퉷뫹뫲FF FF 0D 04 02 38 11 A3 FF FF 0D 13 00 00 08 00 80 21 04 79 00 00 00 00 00 08 00 00 00 00 B1 
[18:37:54.212]퉷뫹뫲FF FF 0D 04 02 38 11 A3 FF FF 0D 13 00 00 08 00 80 21 04 79 00 00 00 00 00 08 00 00 00 00 B1 
[18:37:54.262]퉷뫹뫲FF FF 0D 04 02 38 11 A3 FF FF 0D 13 00 00 08 00 80 21 04 78 00 00 00 00 00 08 00 00 00 00 B2 
[18:37:54.313]퉷뫹뫲FF FF 0D 04 02 38 11 A3 FF FF 0D 13 00 00 08 00 80 21 04 79 00 00 00 00 00 08 00 00 00 00 B1 
[18:37:54.363]퉷뫹뫲FF FF 0D 04 02 38 11 A3 FF FF 0D 13 00 00 08 00 80 21 04 79 00 00 00 00 00 08 00 00 00 00 B1 
[18:37:54.412]퉷뫹뫲FF FF 0D 04 02 38 11 A3 FF FF 0D 13 00 00 08 00 80 21 04 79 00 00 00 00 00 08 00 00 00 00 B1 
[18:37:54.462]퉷뫹뫲FF FF 0D 04 02 38 11 A3 FF FF 0D 13 00 00 08 00 80 21 04 79 00 00 00 00 00 08 00 00 00 00 B1 
[18:37:54.512]퉷뫹뫲FF FF 0D 04 02 38 11 A3 FF FF 0D 13 00 00 08 00 80 21 04 79 00 00 00 00 00 08 00 00 00 00 B1 
[18:37:54.562]퉷뫹뫲FF FF 0D 04 02 38 11 A3 FF FF 0D 13 00 00 08 00 80 21 04 79 00 00 00 00 00 08 01 00 00 00 B0 
[18:37:54.612]퉷뫹뫲FF FF 0D 04 02 38 11 A3 FF FF 0D 13 00 00 08 00 80 21 04 79 00 00 00 00 00 08 00 00 00 00 B1 
[18:37:54.662]퉷뫹뫲FF FF 0D 04 02 38 11 A3 FF FF 0D 13 00 00 08 00 80 21 04 79 00 00 00 00 00 08 00 00 00 00 B1 
[18:37:54.712]퉷뫹뫲FF FF 0D 04 02 38 11 A3 FF FF 0D 13 00 00 08 00 80 21 04 79 00 00 00 00 00 08 00 00 00 00 B1 
[18:37:54.762]퉷뫹뫲FF FF 0D 04 02 38 11 A3 FF FF 0D 13 00 00 08 00 80 21 04 79 00 00 00 00 00 08 00 00 00 00 B1 
[18:37:54.812]퉷뫹뫲FF FF 0D 04 02 38 11 A3 FF FF 0D 13 00 00 08 00 80 21 04 79 00 00 00 00 00 08 00 00 00 00 B1 
[18:37:54.861]퉷뫹뫲FF FF 0D 04 02 38 11 A3 FF FF 0D 13 00 00 08 00 80 21 04 79 00 00 00 00 00 08 00 00 00 00 B1 
[18:37:54.912]퉷뫹뫲FF FF 0D 04 02 38 11 A3 FF FF 0D 13 00 00 08 00 80 21 04 79 00 00 00 00 00 08 00 00 00 00 B1 
[18:37:54.962]퉷뫹뫲FF FF 0D 04 02 38 11 A3 FF FF 0D 13 00 00 08 00 80 21 04 79 00 00 00 00 00 08 00 00 00 00 B1 
[18:37:55.012]퉷뫹뫲FF FF 0D 04 02 38 11 A3 FF FF 0D 13 00 00 08 00 80 21 04 79 00 00 00 00 00 08 00 00 00 00 B1 
[18:37:55.062]퉷뫹뫲FF FF 0D 04 02 38 11 A3 FF FF 0D 13 00 00 08 00 80 21 04 79 00 00 00 00 00 08 00 00 00 00 B1 
[18:37:55.112]퉷뫹뫲FF FF 0D 04 02 38 11 A3 FF FF 0D 13 00 00 08 00 80 21 04 79 00 00 00 00 00 08 00 00 00 00 B1 
[18:37:55.162]퉷뫹뫲FF FF 0D 04 02 38 11 A3 FF FF 0D 13 00 00 08 00 80 21 04 79 00 00 00 00 00 08 00 00 00 00 B1 
[18:37:55.212]퉷뫹뫲FF FF 0D 04 02 38 11 A3 FF FF 0D 13 00 00 08 00 80 21 04 78 00 00 00 00 00 08 00 00 00 00 B2 
[18:37:55.262]퉷뫹뫲FF FF 0D 04 02 38 11 A3 FF FF 0D 13 00 00 08 00 80 21 04 79 00 00 00 00 00 08 00 00 00 00 B1 
[18:37:55.312]퉷뫹뫲FF FF 0D 04 02 38 11 A3 FF FF 0D 13 00 00 08 00 80 21 04 79 00 00 00 00 00 08 00 00 00 00 B1 
[18:37:55.363]퉷뫹뫲FF FF 0D 04 02 38 11 A3 FF FF 0D 13 00 00 08 00 00 21 04 79 00 00 00 00 00 08 00 00 00 00 31 
[18:37:55.412]퉷뫹뫲FF FF 0D 04 02 38 11 A3 FF FF 0D 13 00 00 08 00 00 21 04 78 00 00 00 00 00 08 00 00 00 00 32 
[18:37:55.462]퉷뫹뫲FF FF 0D 04 02 38 11 A3 FF FF 0D 13 00 00 08 00 00 21 04 79 00 00 00 00 00 08 00 00 00 00 31 
[18:37:55.513]퉷뫹뫲FF FF 0D 04 02 38 11 A3 FF FF 0D 13 00 00 08 00 00 21 04 79 00 00 00 00 00 08 00 00 00 00 31 
[18:37:55.563]퉷뫹뫲FF FF 0D 04 02 38 11 A3 FF FF 0D 13 00 00 08 00 00 21 04 79 00 00 00 00 00 08 00 00 00 00 31 
[18:37:55.613]퉷뫹뫲FF FF 0D 04 02 38 11 A3 FF FF 0D 13 00 00 08 00 00 21 04 78 00 00 00 00 00 08 00 00 00 00 32 
[18:37:55.663]퉷뫹뫲FF FF 0D 04 02 38 11 A3 FF FF 0D 13 00 00 08 00 00 21 04 79 00 00 00 00 00 08 00 00 00 00 31 
[18:37:55.712]퉷뫹뫲FF FF 0D 04 02 38 11 A3 FF FF 0D 13 00 00 08 00 00 21 04 79 00 00 00 00 00 08 00 00 00 00 31 
[18:37:55.762]퉷뫹뫲FF FF 0D 04 02 38 11 A3 FF FF 0D 13 00 00 08 00 00 21 04 79 00 00 00 00 00 08 00 00 00 00 31 
[18:37:55.813]퉷뫹뫲FF FF 0D 04 02 38 11 A3 FF FF 0D 13 00 00 08 00 00 21 04 78 00 00 00 00 00 08 00 00 00 00 32 
[18:37:55.862]퉷뫹뫲FF FF 0D 04 02 38 11 A3 FF FF 0D 13 00 00 08 00 00 21 04 79 00 00 00 00 00 08 00 00 00 00 31 
[18:37:55.912]퉷뫹뫲FF FF 0D 04 02 38 11 A3 FF FF 0D 13 00 00 08 01 80 21 04 79 00 00 00 00 00 08 00 00 00 00 B0 
[18:37:55.962]퉷뫹뫲FF FF 0D 04 02 38 11 A3 FF FF 0D 13 00 00 08 00 80 21 04 79 00 00 00 00 00 08 00 00 00 00 B1 
[18:37:56.012]퉷뫹뫲FF FF 0D 04 02 38 11 A3 FF FF 0D 13 00 00 08 00 80 21 04 79 00 00 00 00 00 08 00 00 00 00 B1 
[18:37:56.062]퉷뫹뫲FF FF 0D 04 02 38 11 A3 FF FF 0D 13 00 00 08 01 00 21 04 79 00 00 00 00 00 08 00 00 00 00 30 
[18:37:56.112]퉷뫹뫲FF FF 0D 04 02 38 11 A3 FF FF 0D 13 00 00 08 00 00 21 04 79 00 00 00 00 00 08 00 00 00 00 31 
[18:37:56.162]퉷뫹뫲FF FF 0D 04 02 38 11 A3 FF FF 0D 13 00 00 08 00 00 21 04 79 00 00 00 00 00 08 00 00 00 00 31 
[18:37:56.212]퉷뫹뫲FF FF 0D 04 02 38 11 A3 FF FF 0D 13 00 00 08 00 00 21 04 79 00 00 00 00 00 08 00 00 00 00 31 
[18:37:56.262]퉷뫹뫲FF FF 0D 04 02 38 11 A3 FF FF 0D 13 00 00 08 00 00 21 04 79 00 00 00 00 00 08 00 00 00 00 31 
[18:37:56.312]퉷뫹뫲FF FF 0D 04 02 38 11 A3 FF FF 0D 13 00 00 08 00 00 21 04 79 00 00 00 00 00 08 00 00 00 00 31 
[18:37:56.362]퉷뫹뫲FF FF 0D 04 02 38 11 A3 FF FF 0D 13 00 00 08 00 00 21 04 79 00 00 00 00 00 08 00 00 00 00 31 
[18:37:56.412]퉷뫹뫲FF FF 0D 04 02 38 11 A3 FF FF 0D 13 00 00 08 00 00 21 04 79 00 00 00 00 00 08 00 00 00 00 31 
[18:37:56.462]퉷뫹뫲FF FF 0D 04 02 38 11 A3 FF FF 0D 13 00 00 08 00 00 21 04 79 00 00 00 00 00 08 00 00 00 00 31 
[18:37:56.512]퉷뫹뫲FF FF 0D 04 02 38 11 A3 FF FF 0D 13 00 00 08 00 00 21 04 79 00 00 00 00 00 08 00 00 00 00 31 
[18:37:56.562]퉷뫹뫲FF FF 0D 04 02 38 11 A3 FF FF 0D 13 00 00 08 00 00 21 04 79 00 00 00 00 00 08 00 00 00 00 31 
[18:37:56.613]퉷뫹뫲FF FF 0D 04 02 38 11 A3 FF FF 0D 13 00 00 08 00 00 21 04 79 00 00 00 00 00 08 01 00 00 00 30 
[18:37:56.662]퉷뫹뫲FF FF 0D 04 02 38 11 A3 FF FF 0D 13 00 00 08 00 00 21 04 78 00 00 00 00 00 08 00 00 00 00 32 
[18:37:56.712]퉷뫹뫲FF FF 0D 04 02 38 11 A3 FF FF 0D 13 00 00 08 00 00 21 04 79 00 00 00 00 00 08 00 00 00 00 31 
[18:37:56.762]퉷뫹뫲FF FF 0D 04 02 38 11 A3 FF FF 0D 13 00 00 08 00 00 21 04 79 00 00 00 00 00 08 00 00 00 00 31 
[18:37:56.812]퉷뫹뫲FF FF 0D 04 02 38 11 A3 FF FF 0D 13 00 00 08 00 00 21 04 79 00 00 00 00 00 08 01 00 00 00 30 
[18:37:56.862]퉷뫹뫲FF FF 0D 04 02 38 11 A3 FF FF 0D 13 00 00 08 00 00 21 04 79 00 00 00 00 00 08 00 00 00 00 31 
[18:37:56.912]퉷뫹뫲FF FF 0D 04 02 38 11 A3 FF FF 0D 13 00 00 08 00 00 21 04 79 00 00 00 00 00 08 00 00 00 00 31 
[18:37:56.962]퉷뫹뫲FF FF 0D 04 02 38 11 A3 FF FF 0D 13 00 00 08 00 00 21 04 79 00 00 00 00 00 08 00 00 00 00 31 
[18:37:57.012]퉷뫹뫲FF FF 0D 04 02 38 11 A3 FF FF 0D 13 00 00 08 00 00 21 04 79 00 00 00 00 00 08 00 00 00 00 31 
[18:37:57.062]퉷뫹뫲FF FF 0D 04 02 38 11 A3 FF FF 0D 13 00 00 08 00 00 21 04 79 00 00 00 00 00 08 00 00 00 00 31 
[18:37:57.112]퉷뫹뫲FF FF 0D 04 02 38 11 A3 FF FF 0D 13 00 00 08 00 00 21 04 79 00 00 00 00 00 08 00 00 00 00 31 
[18:37:57.163]퉷뫹뫲FF FF 0D 04 02 38 11 A3 FF FF 0D 13 00 00 08 00 00 21 04 79 00 00 00 00 00 08 00 00 00 00 31 
[18:37:57.212]퉷뫹뫲FF FF 0D 04 02 38 11 A3 FF FF 0D 13 00 00 08 00 00 21 04 78 00 00 00 00 00 08 00 00 00 00 32 
[18:37:57.262]퉷뫹뫲FF FF 0D 04 02 38 11 A3 FF FF 0D 13 00 00 08 00 00 21 04 79 00 00 00 00 00 08 00 00 00 00 31 
[18:37:57.312]퉷뫹뫲FF FF 0D 04 02 38 11 A3 FF FF 0D 13 00 00 08 00 00 21 04 79 00 00 00 00 00 08 00 00 00 00 31 
[18:37:57.362]퉷뫹뫲FF FF 0D 04 02 38 11 A3 FF FF 0D 13 00 00 08 00 00 21 04 79 00 00 00 00 00 08 01 00 00 00 30 
[18:37:57.412]퉷뫹뫲FF FF 0D 04 02 38 11 A3 FF FF 0D 13 00 00 08 00 00 21 04 79 00 00 00 00 00 08 00 00 00 00 31 
[18:37:57.463]퉷뫹뫲FF FF 0D 04 02 38 11 A3 FF FF 0D 13 00 00 08 00 00 21 04 79 00 00 00 00 00 08 00 00 00 00 31 
[18:37:57.512]퉷뫹뫲FF FF 0D 04 02 38 11 A3 FF FF 0D 13 00 00 08 00 00 21 04 79 00 00 00 00 00 08 00 00 00 00 31 
[18:37:57.562]퉷뫹뫲FF FF 0D 04 02 38 11 A3 FF FF 0D 13 00 00 08 00 00 21 04 79 00 00 00 00 00 08 00 00 00 00 31 
[18:37:57.612]퉷뫹뫲FF FF 0D 04 02 38 11 A3 FF FF 0D 13 00 00 08 00 00 21 04 79 00 00 00 00 00 08 00 00 00 00 31 
[18:37:57.662]퉷뫹뫲FF FF 0D 04 02 38 11 A3 FF FF 0D 13 00 00 08 00 00 21 04 79 00 00 00 00 00 08 00 00 00 00 31 
[18:37:57.712]퉷뫹뫲FF FF 0D 04 02 38 11 A3 FF FF 0D 13 00 00 08 00 00 21 04 79 00 00 00 00 00 08 00 00 00 00 31 
[18:37:57.762]퉷뫹뫲FF FF 0D 04 02 38 11 A3 FF FF 0D 13 00 00 08 00 00 21 04 79 00 00 00 00 00 08 00 00 00 00 31 
[18:37:57.812]퉷뫹뫲FF FF 0D 04 02 38 11 A3 FF FF 0D 13 00 00 08 00 00 21 04 79 00 00 00 00 00 08 00 00 00 00 31 
[18:37:57.862]퉷뫹뫲FF FF 0D 04 02 38 11 A3 FF FF 0D 13 00 00 08 00 00 21 04 79 00 00 00 00 00 08 00 00 00 00 31 
[18:37:57.913]퉷뫹뫲FF FF 0D 04 02 38 11 A3 FF FF 0D 13 00 00 08 00 00 21 04 79 00 00 00 00 00 08 00 00 00 00 31 
[18:37:57.962]퉷뫹뫲FF FF 0D 04 02 38 11 A3 FF FF 0D 13 00 00 08 00 00 21 04 78 00 00 00 00 00 08 00 00 00 00 32 
[18:37:58.012]퉷뫹뫲FF FF 0D 04 02 38 11 A3 FF FF 0D 13 00 00 08 00 00 21 04 79 00 00 00 00 00 08 00 00 00 00 31 
[18:37:58.062]퉷뫹뫲FF FF 0D 04 02 38 11 A3 FF FF 0D 13 00 00 08 00 00 21 04 79 00 00 00 00 00 08 00 00 00 00 31 
[18:37:58.112]퉷뫹뫲FF FF 0D 04 02 38 11 A3 FF FF 0D 13 00 00 08 00 00 21 04 79 00 00 00 00 00 08 00 00 00 00 31 
[18:37:58.162]퉷뫹뫲FF FF 0D 04 02 38 11 A3 FF FF 0D 13 00 00 08 00 00 21 04 79 00 00 00 00 00 08 00 00 00 00 31 
[18:37:58.212]퉷뫹뫲FF FF 0D 04 02 38 11 A3 FF FF 0D 13 00 00 08 00 00 21 04 79 00 00 00 00 00 08 00 00 00 00 31 
[18:37:58.262]퉷뫹뫲FF FF 0D 04 02 38 11 A3 FF FF 0D 13 00 00 08 00 00 21 04 78 00 00 00 00 00 08 00 00 00 00 32 
[18:37:58.312]퉷뫹뫲FF FF 0D 04 02 38 11 A3 FF FF 0D 13 00 00 08 00 00 21 04 79 00 00 00 00 00 08 00 00 00 00 31 
[18:37:58.362]퉷뫹뫲FF FF 0D 04 02 38 11 A3 FF FF 0D 13 00 00 08 00 00 21 04 79 00 00 00 00 00 08 00 00 00 00 31 
[18:37:58.412]퉷뫹뫲FF FF 0D 04 02 38 11 A3 FF FF 0D 13 00 00 08 00 00 21 04 79 00 00 00 00 00 08 00 00 00 00 31 
[18:37:58.463]퉷뫹뫲FF FF 0D 04 02 38 11 A3 FF FF 0D 13 00 00 08 00 00 21 04 79 00 00 00 00 00 08 00 00 00 00 31 
[18:37:58.512]퉷뫹뫲FF FF 0D 04 02 38 11 A3 FF FF 0D 13 00 00 08 00 00 21 04 79 00 00 00 00 00 08 00 00 00 00 31 
[18:37:58.562]퉷뫹뫲FF FF 0D 04 02 38 11 A3 FF FF 0D 13 00 00 08 00 00 21 04 79 00 00 00 00 00 08 00 00 00 00 31 
[18:37:58.612]퉷뫹뫲FF FF 0D 04 02 38 11 A3 FF FF 0D 13 00 00 08 00 00 21 04 79 00 00 00 00 00 08 00 00 00 00 31 
[18:37:58.662]퉷뫹뫲FF FF 0D 04 02 38 11 A3 FF FF 0D 13 00 00 08 00 00 21 04 79 00 00 00 00 00 08 00 00 00 00 31 
[18:37:58.712]퉷뫹뫲FF FF 0D 04 02 38 11 A3 FF FF 0D 13 00 00 08 00 00 21 04 79 00 00 00 00 00 08 00 00 00 00 31 
[18:37:58.762]퉷뫹뫲FF FF 0D 04 02 38 11 A3 FF FF 0D 13 00 00 08 00 00 21 04 79 00 00 00 00 00 08 00 00 00 00 31 
[18:37:58.813]퉷뫹뫲FF FF 0D 04 02 38 11 A3 FF FF 0D 13 00 00 08 00 00 21 04 79 00 00 00 00 00 08 00 00 00 00 31 
[18:37:58.862]퉷뫹뫲FF FF 0D 04 02 38 11 A3 FF FF 0D 13 00 00 08 00 00 21 04 78 00 00 00 00 00 08 00 00 00 00 32 
[18:37:58.912]퉷뫹뫲FF FF 0D 04 02 38 11 A3 FF FF 0D 13 00 00 08 00 00 21 04 79 00 00 00 00 00 08 00 00 00 00 31 
[18:37:58.962]퉷뫹뫲FF FF 0D 04 02 38 11 A3 FF FF 0D 13 00 00 08 00 00 21 04 79 00 00 00 00 00 08 00 00 00 00 31 
[18:37:59.012]퉷뫹뫲FF FF 0D 04 02 38 11 A3 FF FF 0D 13 00 00 08 00 00 21 04 79 00 00 00 00 00 08 00 00 00 00 31 
[18:37:59.062]퉷뫹뫲FF FF 0D 04 02 38 11 A3 FF FF 0D 13 00 00 08 00 00 21 04 79 00 00 00 00 00 08 00 00 00 00 31 
[18:37:59.112]퉷뫹뫲FF FF 0D 04 02 38 11 A3 FF FF 0D 13 00 00 08 00 00 21 04 79 00 00 00 00 00 08 00 00 00 00 31 
[18:37:59.162]퉷뫹뫲FF FF 0D 04 02 38 11 A3 FF FF 0D 13 00 00 08 00 00 21 04 79 00 00 00 00 00 08 00 00 00 00 31 
[18:37:59.212]퉷뫹뫲FF FF 0D 04 02 38 11 A3 FF FF 0D 13 00 00 08 00 00 21 04 79 00 00 00 00 00 08 00 00 00 00 31 
[18:37:59.262]퉷뫹뫲FF FF 0D 04 02 38 11 A3 FF FF 0D 13 00 00 08 00 00 21 04 79 00 00 00 00 00 08 00 00 00 00 31 
[18:37:59.312]퉷뫹뫲FF FF 0D 04 02 38 11 A3 FF FF 0D 13 00 00 08 00 00 21 04 79 00 00 00 00 00 08 00 00 00 00 31 
[18:37:59.363]퉷뫹뫲FF FF 0D 04 02 38 11 A3 FF FF 0D 13 00 00 08 00 00 21 04 79 00 00 00 00 00 08 00 00 00 00 31 
[18:37:59.412]퉷뫹뫲FF FF 0D 04 02 38 11 A3 FF FF 0D 13 00 00 08 00 00 21 04 79 00 00 00 00 00 08 00 00 00 00 31 
[18:37:59.462]퉷뫹뫲FF FF 0D 04 02 38 11 A3 FF FF 0D 13 00 00 08 00 00 21 04 79 00 00 00 00 00 08 00 00 00 00 31 
[18:37:59.512]퉷뫹뫲FF FF 0D 04 02 38 11 A3 FF FF 0D 13 00 00 08 00 00 21 04 79 00 00 00 00 00 08 00 00 00 00 31 
[18:37:59.562]퉷뫹뫲FF FF 0D 04 02 38 11 A3 FF FF 0D 13 00 00 08 00 00 21 04 79 00 00 00 00 00 08 00 00 00 00 31 
[18:37:59.612]퉷뫹뫲FF FF 0D 04 02 38 11 A3 FF FF 0D 13 00 00 08 00 00 21 04 79 00 00 00 00 00 08 00 00 00 00 31 
[18:37:59.662]퉷뫹뫲FF FF 0D 04 02 38 11 A3 FF FF 0D 13 00 00 08 00 00 21 04 79 00 00 00 00 00 08 00 00 00 00 31 
[18:37:59.712]퉷뫹뫲FF FF 0D 04 02 38 11 A3 FF FF 0D 13 00 00 08 00 00 21 04 79 00 00 00 00 00 08 00 00 00 00 31 
[18:37:59.762]퉷뫹뫲FF FF 0D 04 02 38 11 A3 FF FF 0D 13 00 00 08 00 00 21 04 79 00 00 00 00 00 08 00 00 00 00 31 
[18:37:59.812]퉷뫹뫲FF FF 0D 04 02 38 11 A3 FF FF 0D 13 00 00 08 00 00 21 04 79 00 00 00 00 00 08 01 00 00 00 30 
[18:37:59.862]퉷뫹뫲FF FF 0D 04 02 38 11 A3 FF FF 0D 13 00 00 08 00 00 21 04 78 00 00 00 00 00 08 00 00 00 00 32 
[18:37:59.912]퉷뫹뫲FF FF 0D 04 02 38 11 A3 FF FF 0D 13 00 00 08 00 00 21 04 78 00 00 00 00 00 08 00 00 00 00 32 
[18:37:59.962]퉷뫹뫲FF FF 0D 04 02 38 11 A3 FF FF 0D 13 00 00 08 00 00 21 04 78 00 00 00 00 00 08 00 00 00 00 32 
[18:38:00.012]퉷뫹뫲FF FF 0D 04 02 38 11 A3 FF FF 0D 13 00 00 08 00 00 21 04 79 00 00 00 00 00 08 00 00 00 00 31 
[18:38:00.062]퉷뫹뫲FF FF 0D 04 02 38 11 A3 FF FF 0D 13 00 00 08 00 00 21 04 78 00 00 00 00 00 08 00 00 00 00 32 
[18:38:00.112]퉷뫹뫲FF FF 0D 04 02 38 11 A3 FF FF 0D 13 00 00 08 00 00 21 04 79 00 00 00 00 00 08 00 00 00 00 31 
[18:38:00.162]퉷뫹뫲FF FF 0D 04 02 38 11 A3 FF FF 0D 13 00 00 08 00 00 21 04 78 00 00 00 00 00 08 00 00 00 00 32 
[18:38:00.213]퉷뫹뫲FF FF 0D 04 02 38 11 A3 FF FF 0D 13 00 00 08 00 00 21 04 79 00 00 00 00 00 08 00 00 00 00 31 
[18:38:00.262]퉷뫹뫲FF FF 0D 04 02 38 11 A3 FF FF 0D 13 00 00 08 00 00 21 04 78 00 00 00 00 00 08 00 00 00 00 32 
[18:38:00.312]퉷뫹뫲FF FF 0D 04 02 38 11 A3 FF FF 0D 13 00 00 08 00 00 21 04 79 00 00 00 00 00 08 00 00 00 00 31 
[18:38:00.362]퉷뫹뫲FF FF 0D 04 02 38 11 A3 FF FF 0D 13 00 00 08 00 00 21 04 79 00 00 00 00 00 08 00 00 00 00 31 
[18:38:00.412]퉷뫹뫲FF FF 0D 04 02 38 11 A3 FF FF 0D 13 00 00 08 00 00 21 04 79 00 00 00 00 00 08 00 00 00 00 31 
[18:38:00.462]퉷뫹뫲FF FF 0D 04 02 38 11 A3 FF FF 0D 13 00 00 08 00 00 21 04 79 00 00 00 00 00 08 00 00 00 00 31 
[18:38:00.512]퉷뫹뫲FF FF 0D 04 02 38 11 A3 FF FF 0D 13 00 00 08 00 00 21 04 79 00 00 00 00 00 08 00 00 00 00 31 
[18:38:00.562]퉷뫹뫲FF FF 0D 04 02 38 11 A3 FF FF 0D 13 00 00 08 00 00 21 04 79 00 00 00 00 00 08 00 00 00 00 31 
[18:38:00.612]퉷뫹뫲FF FF 0D 04 02 38 11 A3 FF FF 0D 13 00 00 08 00 00 21 04 79 00 00 00 00 00 08 00 00 00 00 31 
[18:38:00.662]퉷뫹뫲FF FF 0D 04 02 38 11 A3 FF FF 0D 13 00 00 08 00 00 21 04 79 00 00 00 00 00 08 00 00 00 00 31 
[18:38:00.712]퉷뫹뫲FF FF 0D 04 02 38 11 A3 FF FF 0D 13 00 00 08 00 00 21 04 79 00 00 00 00 00 08 00 00 00 00 31 
[18:38:00.762]퉷뫹뫲FF FF 0D 04 02 38 11 A3 FF FF 0D 13 00 00 08 00 00 21 04 79 00 00 00 00 00 08 00 00 00 00 31 
[18:38:00.811]퉷뫹뫲FF FF 0D 04 02 38 11 A3 FF FF 0D 13 00 00 08 00 00 21 04 79 00 00 00 00 00 08 00 00 00 00 31 
[18:38:00.862]퉷뫹뫲FF FF 0D 04 02 38 11 A3 FF FF 0D 13 00 00 08 00 00 21 04 79 00 00 00 00 00 08 00 00 00 00 31 
[18:38:00.912]퉷뫹뫲FF FF 0D 04 02 38 11 A3 FF FF 0D 13 00 00 08 00 00 21 04 79 00 00 00 00 00 08 00 00 00 00 31 
[18:38:00.962]퉷뫹뫲FF FF 0D 04 02 38 11 A3 FF FF 0D 13 00 00 08 00 00 21 04 79 00 00 00 00 00 08 00 00 00 00 31 
[18:38:01.012]퉷뫹뫲FF FF 0D 04 02 38 11 A3 FF FF 0D 13 00 00 08 00 00 21 04 79 00 00 00 00 00 08 00 00 00 00 31 
[18:38:01.062]퉷뫹뫲FF FF 0D 04 02 38 11 A3 FF FF 0D 13 00 00 08 00 00 21 04 79 00 00 00 00 00 08 00 00 00 00 31 
[18:38:01.112]퉷뫹뫲FF FF 0D 04 02 38 11 A3 FF FF 0D 13 00 00 08 00 00 21 04 79 00 00 00 00 00 08 00 00 00 00 31 
[18:38:01.163]퉷뫹뫲FF FF 0D 04 02 38 11 A3 FF FF 0D 13 00 00 08 00 00 21 04 79 00 00 00 00 00 08 00 00 00 00 31 
[18:38:01.212]퉷뫹뫲FF FF 0D 04 02 38 11 A3 FF FF 0D 13 00 00 08 00 00 21 04 79 00 00 00 00 00 08 00 00 00 00 31 
[18:38:01.262]퉷뫹뫲FF FF 0D 04 02 38 11 A3 FF FF 0D 13 00 00 08 00 00 21 04 79 00 00 00 00 00 08 00 00 00 00 31 
[18:38:01.312]퉷뫹뫲FF FF 0D 04 02 38 11 A3 FF FF 0D 13 00 00 08 00 00 21 04 78 00 00 00 00 00 08 00 00 00 00 32 
[18:38:01.362]퉷뫹뫲FF FF 0D 04 02 38 11 A3 FF FF 0D 13 00 00 08 00 00 21 04 79 00 00 00 00 00 08 00 00 00 00 31 
[18:38:01.412]퉷뫹뫲FF FF 0D 04 02 38 11 A3 FF FF 0D 13 00 00 08 00 00 21 04 79 00 00 00 00 00 08 00 00 00 00 31 
[18:38:01.462]퉷뫹뫲FF FF 0D 04 02 38 11 A3 FF FF 0D 13 00 00 08 00 00 21 04 79 00 00 00 00 00 08 00 00 00 00 31 
[18:38:01.512]퉷뫹뫲FF FF 0D 04 02 38 11 A3 FF FF 0D 13 00 00 08 00 00 21 04 79 00 00 00 00 00 08 00 00 00 00 31 
[18:38:01.562]퉷뫹뫲FF FF 0D 04 02 38 11 A3 FF FF 0D 13 00 00 08 00 00 21 04 79 00 00 00 00 00 08 00 00 00 00 31 
[18:38:01.612]퉷뫹뫲FF FF 0D 04 02 38 11 A3 FF FF 0D 13 00 00 08 00 00 21 04 79 00 00 00 00 00 08 00 00 00 00 31 
[18:38:01.662]퉷뫹뫲FF FF 0D 04 02 38 11 A3 FF FF 0D 13 00 00 08 00 00 21 04 79 00 00 00 00 00 08 00 00 00 00 31 
[18:38:01.712]퉷뫹뫲FF FF 0D 04 02 38 11 A3 FF FF 0D 13 00 00 08 00 00 21 04 79 00 00 00 00 00 08 00 00 00 00 31 
[18:38:01.762]퉷뫹뫲FF FF 0D 04 02 38 11 A3 FF FF 0D 13 00 00 08 00 00 21 04 79 00 00 00 00 00 08 00 00 00 00 31 
[18:38:01.813]퉷뫹뫲FF FF 0D 04 02 38 11 A3 FF FF 0D 13 00 00 08 00 00 21 04 79 00 00 00 00 00 08 00 00 00 00 31 
[18:38:01.862]퉷뫹뫲FF FF 0D 04 02 38 11 A3 FF FF 0D 13 00 00 08 00 00 21 04 79 00 00 00 00 00 08 00 00 00 00 31 
[18:38:01.912]퉷뫹뫲FF FF 0D 04 02 38 11 A3 FF FF 0D 13 00 00 08 00 00 21 04 79 00 00 00 00 00 08 00 00 00 00 31 
[18:38:01.962]퉷뫹뫲FF FF 0D 04 02 38 11 A3 FF FF 0D 13 00 00 08 00 00 21 04 79 00 00 00 00 00 08 00 00 00 00 31 
[18:38:02.012]퉷뫹뫲FF FF 0D 04 02 38 11 A3 FF FF 0D 13 00 00 08 00 00 21 04 79 00 00 00 00 00 08 00 00 00 00 31 
[18:38:02.062]퉷뫹뫲FF FF 0D 04 02 38 11 A3 FF FF 0D 13 00 00 08 00 00 21 04 79 00 00 00 00 00 08 00 00 00 00 31 
[18:38:02.112]퉷뫹뫲FF FF 0D 04 02 38 11 A3 FF FF 0D 13 00 00 08 00 00 21 04 79 00 00 00 00 00 08 00 00 00 00 31 
[18:38:02.162]퉷뫹뫲FF FF 0D 04 02 38 11 A3 FF FF 0D 13 00 00 08 00 00 21 04 79 00 00 00 00 00 08 00 00 00 00 31 
[18:38:02.212]퉷뫹뫲FF FF 0D 04 02 38 11 A3 FF FF 0D 13 00 00 08 00 00 21 04 79 00 00 00 00 00 08 00 00 00 00 31 
[18:38:02.262]퉷뫹뫲FF FF 0D 04 02 38 11 A3 FF FF 0D 13 00 00 08 00 00 21 04 79 00 00 00 00 00 08 01 00 00 00 30 
[18:38:02.312]퉷뫹뫲FF FF 0D 04 02 38 11 A3 FF FF 0D 13 00 00 08 00 00 21 04 79 00 00 00 00 00 08 00 00 00 00 31 
[18:38:02.362]퉷뫹뫲FF FF 0D 04 02 38 11 A3 FF FF 0D 13 00 00 08 00 00 21 04 79 00 00 00 00 00 08 00 00 00 00 31 
[18:38:02.412]퉷뫹뫲FF FF 0D 04 02 38 11 A3 FF FF 0D 13 00 00 08 00 00 21 04 79 00 00 00 00 00 08 00 00 00 00 31 
[18:38:02.462]퉷뫹뫲FF FF 0D 04 02 38 11 A3 FF FF 0D 13 00 00 08 00 00 21 04 79 00 00 00 00 00 08 00 00 00 00 31 
[18:38:02.513]퉷뫹뫲FF FF 0D 04 02 38 11 A3 FF FF 0D 13 00 00 08 00 00 21 04 79 00 00 00 00 00 08 00 00 00 00 31 
[18:38:02.562]퉷뫹뫲FF FF 0D 04 02 38 11 A3 FF FF 0D 13 00 00 08 00 00 21 04 79 00 00 00 00 00 08 00 00 00 00 31 
[18:38:02.612]퉷뫹뫲FF FF 0D 04 02 38 11 A3 FF FF 0D 13 00 00 08 00 00 21 04 79 00 00 00 00 00 08 00 00 00 00 31 
[18:38:02.663]퉷뫹뫲FF FF 0D 04 02 38 11 A3 FF FF 0D 13 00 00 08 00 00 21 04 79 00 00 00 00 00 08 00 00 00 00 31 
[18:38:02.712]퉷뫹뫲FF FF 0D 04 02 38 11 A3 FF FF 0D 13 00 00 08 00 00 21 04 79 00 00 00 00 00 08 00 00 00 00 31 
[18:38:02.762]퉷뫹뫲FF FF 0D 04 02 38 11 A3 FF FF 0D 13 00 00 08 00 00 21 04 79 00 00 00 00 00 08 00 00 00 00 31 
[18:38:02.812]퉷뫹뫲FF FF 0D 04 02 38 11 A3 FF FF 0D 13 00 00 08 00 00 21 04 79 00 00 00 00 00 08 00 00 00 00 31 
[18:38:02.862]퉷뫹뫲FF FF 0D 04 02 38 11 A3 FF FF 0D 13 00 00 08 00 00 21 04 79 00 00 00 00 00 08 00 00 00 00 31 
[18:38:02.912]퉷뫹뫲FF FF 0D 04 02 38 11 A3 FF FF 0D 13 00 00 08 00 00 21 04 78 00 00 00 00 00 08 00 00 00 00 32 
[18:38:02.962]퉷뫹뫲FF FF 0D 04 02 38 11 A3 FF FF 0D 13 00 00 08 00 00 21 04 79 00 00 00 00 00 08 00 00 00 00 31 
[18:38:03.012]퉷뫹뫲FF FF 0D 04 02 38 11 A3 FF FF 0D 13 00 00 08 00 00 21 04 79 00 00 00 00 00 08 00 00 00 00 31 
[18:38:03.062]퉷뫹뫲FF FF 0D 04 02 38 11 A3 FF FF 0D 13 00 00 08 00 00 21 04 79 00 00 00 00 00 08 00 00 00 00 31 
[18:38:03.113]퉷뫹뫲FF FF 0D 04 02 38 11 A3 FF FF 0D 13 00 00 08 00 00 21 04 79 00 00 00 00 00 08 00 00 00 00 31 
[18:38:03.162]퉷뫹뫲FF FF 0D 04 02 38 11 A3 FF FF 0D 13 00 00 08 00 00 21 04 79 00 00 00 00 00 08 00 00 00 00 31 
[18:38:03.212]퉷뫹뫲FF FF 0D 04 02 38 11 A3 FF FF 0D 13 00 00 08 00 00 21 04 79 00 00 00 00 00 08 00 00 00 00 31 
[18:38:03.262]퉷뫹뫲FF FF 0D 04 02 38 11 A3 FF FF 0D 13 00 00 08 00 00 21 04 78 00 00 00 00 00 08 00 00 00 00 32 
[18:38:03.312]퉷뫹뫲FF FF 0D 04 02 38 11 A3 FF FF 0D 13 00 00 08 00 00 21 04 79 00 00 00 00 00 08 00 00 00 00 31 
[18:38:03.362]퉷뫹뫲FF FF 0D 04 02 38 11 A3 FF FF 0D 13 00 00 08 00 00 21 04 79 00 00 00 00 00 08 00 00 00 00 31 
[18:38:03.412]퉷뫹뫲FF FF 0D 04 02 38 11 A3 FF FF 0D 13 00 00 08 00 00 21 04 79 00 00 00 00 00 08 00 00 00 00 31 
[18:38:03.462]퉷뫹뫲FF FF 0D 04 02 38 11 A3 FF FF 0D 13 00 00 08 00 00 21 04 79 00 00 00 00 00 08 00 00 00 00 31 
[18:38:03.513]퉷뫹뫲FF FF 0D 04 02 38 11 A3 FF FF 0D 13 00 00 08 00 00 21 04 79 00 00 00 00 00 08 00 00 00 00 31 
[18:38:03.562]퉷뫹뫲FF FF 0D 04 02 38 11 A3 FF FF 0D 13 00 00 08 00 00 21 04 79 00 00 00 00 00 08 00 00 00 00 31 
[18:38:03.612]퉷뫹뫲FF FF 0D 04 02 38 11 A3 FF FF 0D 13 00 00 08 00 00 21 04 79 00 00 00 00 00 08 00 00 00 00 31 
[18:38:03.662]퉷뫹뫲FF FF 0D 04 02 38 11 A3 FF FF 0D 13 00 00 08 00 00 21 04 79 00 00 00 00 00 08 00 00 00 00 31 
[18:38:03.712]퉷뫹뫲FF FF 0D 04 02 38 11 A3 FF FF 0D 13 00 00 08 00 00 21 04 79 00 00 00 00 00 08 00 00 00 00 31 
[18:38:03.762]퉷뫹뫲FF FF 0D 04 02 38 11 A3 FF FF 0D 13 00 00 08 00 00 21 04 79 00 00 00 00 00 08 00 00 00 00 31 
[18:38:03.813]퉷뫹뫲FF FF 0D 04 02 38 11 A3 FF FF 0D 13 00 00 08 00 00 21 04 79 00 00 00 00 00 08 00 00 00 00 31 
[18:38:03.862]퉷뫹뫲FF FF 0D 04 02 38 11 A3 FF FF 0D 13 00 00 08 00 00 21 04 79 00 00 00 00 00 08 00 00 00 00 31 
[18:38:03.912]퉷뫹뫲FF FF 0D 04 02 38 11 A3 FF FF 0D 13 00 00 08 00 00 21 04 79 00 00 00 00 00 08 00 00 00 00 31 
[18:38:03.962]퉷뫹뫲FF FF 0D 04 02 38 11 A3 FF FF 0D 13 00 00 08 00 00 21 04 79 00 00 00 00 00 08 00 00 00 00 31 
[18:38:04.012]퉷뫹뫲FF FF 0D 04 02 38 11 A3 FF FF 0D 13 00 00 08 00 00 21 04 79 00 00 00 00 00 08 00 00 00 00 31 
[18:38:04.062]퉷뫹뫲FF FF 0D 04 02 38 11 A3 FF FF 0D 13 00 00 08 00 00 21 04 79 00 00 00 00 00 08 00 00 00 00 31 
[18:38:04.112]퉷뫹뫲FF FF 0D 04 02 38 11 A3 FF FF 0D 13 00 00 08 00 00 21 04 79 00 00 00 00 00 08 00 00 00 00 31 
[18:38:04.162]퉷뫹뫲FF FF 0D 04 02 38 11 A3 FF FF 0D 13 00 00 08 00 00 21 04 79 00 00 00 00 00 08 00 00 00 00 31 
[18:38:04.212]퉷뫹뫲FF FF 0D 04 02 38 11 A3 FF FF 0D 13 00 00 08 00 00 21 04 79 00 00 00 00 00 08 00 00 00 00 31 
[18:38:04.262]퉷뫹뫲FF FF 0D 04 02 38 11 A3 FF FF 0D 13 00 00 08 00 00 21 04 79 00 00 00 00 00 08 00 00 00 00 31 
[18:38:04.312]퉷뫹뫲FF FF 0D 04 02 38 11 A3 FF FF 0D 13 00 00 08 00 00 21 04 79 00 00 00 00 00 08 00 00 00 00 31 
[18:38:04.362]퉷뫹뫲FF FF 0D 04 02 38 11 A3 FF FF 0D 13 00 00 08 00 00 21 04 78 00 00 00 00 00 08 00 00 00 00 32 
[18:38:04.412]퉷뫹뫲FF FF 0D 04 02 38 11 A3 FF FF 0D 13 00 00 08 00 00 21 04 79 00 00 00 00 00 08 00 00 00 00 31 
[18:38:04.462]퉷뫹뫲FF FF 0D 04 02 38 11 A3 FF FF 0D 13 00 00 08 00 00 21 04 79 00 00 00 00 00 08 00 00 00 00 31 
[18:38:04.512]퉷뫹뫲FF FF 0D 04 02 38 11 A3 FF FF 0D 13 00 00 08 00 00 21 04 79 00 00 00 00 00 08 00 00 00 00 31 
[18:38:04.562]퉷뫹뫲FF FF 0D 04 02 38 11 A3 FF FF 0D 13 00 00 08 00 00 21 04 79 00 00 00 00 00 08 00 00 00 00 31 
[18:38:04.612]퉷뫹뫲FF FF 0D 04 02 38 11 A3 FF FF 0D 13 00 00 08 00 00 21 04 79 00 00 00 00 00 08 00 00 00 00 31 
[18:38:04.663]퉷뫹뫲FF FF 0D 04 02 38 11 A3 FF FF 0D 13 00 00 08 00 00 21 04 79 00 00 00 00 00 08 00 00 00 00 31 
[18:38:04.713]퉷뫹뫲FF FF 0D 04 02 38 11 A3 FF FF 0D 13 00 00 08 00 00 21 04 79 00 00 00 00 00 08 00 00 00 00 31 
[18:38:04.762]퉷뫹뫲FF FF 0D 04 02 38 11 A3 FF FF 0D 13 00 00 08 00 00 21 04 79 00 00 00 00 00 08 00 00 00 00 31 
[18:38:04.812]퉷뫹뫲FF FF 0D 04 02 38 11 A3 FF FF 0D 13 00 00 08 00 00 21 04 79 00 00 00 00 00 08 00 00 00 00 31 
[18:38:04.862]퉷뫹뫲FF FF 0D 04 02 38 11 A3 FF FF 0D 13 00 00 08 00 00 21 04 79 00 00 00 00 00 08 00 00 00 00 31 
[18:38:04.912]퉷뫹뫲FF FF 0D 04 02 38 11 A3 FF FF 0D 13 00 00 08 00 00 21 04 79 00 00 00 00 00 08 00 00 00 00 31 
[18:38:04.962]퉷뫹뫲FF FF 0D 04 02 38 11 A3 FF FF 0D 13 00 00 08 00 00 21 04 79 00 00 00 00 00 08 00 00 00 00 31 
[18:38:05.012]퉷뫹뫲FF FF 0D 04 02 38 11 A3 FF FF 0D 13 00 00 08 00 00 21 04 78 00 00 00 00 00 08 00 00 00 00 32 
[18:38:05.062]퉷뫹뫲FF FF 0D 04 02 38 11 A3 FF FF 0D 13 00 00 08 00 00 21 04 79 00 00 00 00 00 08 00 00 00 00 31 
[18:38:05.112]퉷뫹뫲FF FF 0D 04 02 38 11 A3 FF FF 0D 13 00 00 08 00 00 21 04 79 00 00 00 00 00 08 00 00 00 00 31 
[18:38:05.163]퉷뫹뫲FF FF 0D 04 02 38 11 A3 FF FF 0D 13 00 00 08 00 00 21 04 79 00 00 00 00 00 08 00 00 00 00 31 
[18:38:05.212]퉷뫹뫲FF FF 0D 04 02 38 11 A3 FF FF 0D 13 00 00 08 00 00 21 04 79 00 00 00 00 00 08 00 00 00 00 31 
[18:38:05.262]퉷뫹뫲FF FF 0D 04 02 38 11 A3 FF FF 0D 13 00 00 08 00 00 21 04 78 00 00 00 00 00 08 00 00 00 00 32 
[18:38:05.312]퉷뫹뫲FF FF 0D 04 02 38 11 A3 FF FF 0D 13 00 00 08 00 00 21 04 78 00 00 00 00 00 08 00 00 00 00 32 
[18:38:05.362]퉷뫹뫲FF FF 0D 04 02 38 11 A3 FF FF 0D 13 00 00 08 00 00 21 04 79 00 00 00 00 00 08 00 00 00 00 31 
[18:38:05.412]퉷뫹뫲FF FF 0D 04 02 38 11 A3 FF FF 0D 13 00 00 08 00 00 21 04 79 00 00 00 00 00 08 00 00 00 00 31 
[18:38:05.462]퉷뫹뫲FF FF 0D 04 02 38 11 A3 FF FF 0D 13 00 00 08 00 00 21 04 79 00 00 00 00 00 08 00 00 00 00 31 
[18:38:05.512]퉷뫹뫲FF FF 0D 04 02 38 11 A3 FF FF 0D 13 00 00 08 00 00 21 04 79 00 00 00 00 00 08 00 00 00 00 31 
[18:38:05.562]퉷뫹뫲FF FF 0D 04 02 38 11 A3 FF FF 0D 13 00 00 08 00 00 21 04 79 00 00 00 00 00 08 00 00 00 00 31 
[18:38:05.612]퉷뫹뫲FF FF 0D 04 02 38 11 A3 FF FF 0D 13 00 00 08 00 00 21 04 79 00 00 00 00 00 08 00 00 00 00 31 
[18:38:05.662]퉷뫹뫲FF FF 0D 04 02 38 11 A3 FF FF 0D 13 00 00 08 00 00 21 04 79 00 00 00 00 00 08 00 00 00 00 31 
[18:38:05.712]퉷뫹뫲FF FF 0D 04 02 38 11 A3 FF FF 0D 13 00 00 08 00 00 21 04 79 00 00 00 00 00 08 00 00 00 00 31 
[18:38:05.762]퉷뫹뫲FF FF 0D 04 02 38 11 A3 FF FF 0D 13 00 00 08 00 00 21 04 79 00 00 00 00 00 08 00 00 00 00 31 
[18:38:05.812]퉷뫹뫲FF FF 0D 04 02 38 11 A3 FF FF 0D 13 00 00 08 00 00 21 04 79 00 00 00 00 00 08 00 00 00 00 31 
[18:38:05.862]퉷뫹뫲FF FF 0D 04 02 38 11 A3 FF FF 0D 13 00 00 08 00 00 21 04 79 00 00 00 00 00 08 00 00 00 00 31 
[18:38:05.912]퉷뫹뫲FF FF 0D 04 02 38 11 A3 FF FF 0D 13 00 00 08 00 00 21 04 79 00 00 00 00 00 08 00 00 00 00 31 
[18:38:05.962]퉷뫹뫲FF FF 0D 04 02 38 11 A3 FF FF 0D 13 00 00 08 00 00 21 04 79 00 00 00 00 00 08 00 00 00 00 31 
[18:38:06.012]퉷뫹뫲FF FF 0D 04 02 38 11 A3 FF FF 0D 13 00 00 08 00 00 21 04 79 00 00 00 00 00 08 00 00 00 00 31 
[18:38:06.063]퉷뫹뫲FF FF 0D 04 02 38 11 A3 FF FF 0D 13 00 00 08 00 00 21 04 79 00 00 00 00 00 08 00 00 00 00 31 
[18:38:06.112]퉷뫹뫲FF FF 0D 04 02 38 11 A3 FF FF 0D 13 00 00 08 00 00 21 04 79 00 00 00 00 00 08 00 00 00 00 31 
[18:38:06.162]퉷뫹뫲FF FF 0D 04 02 38 11 A3 FF FF 0D 13 00 00 08 00 00 21 04 79 00 00 00 00 00 08 00 00 00 00 31 
[18:38:06.212]퉷뫹뫲FF FF 0D 04 02 38 11 A3 FF FF 0D 13 00 00 08 00 00 21 04 79 00 00 00 00 00 08 00 00 00 00 31 
[18:38:06.262]퉷뫹뫲FF FF 0D 04 02 38 11 A3 FF FF 0D 13 00 00 08 00 00 21 04 79 00 00 00 00 00 08 00 00 00 00 31 
[18:38:06.312]퉷뫹뫲FF FF 0D 04 02 38 11 A3 FF FF 0D 13 00 00 08 00 00 21 04 79 00 00 00 00 00 08 00 00 00 00 31 
[18:38:06.362]퉷뫹뫲FF FF 0D 04 02 38 11 A3 FF FF 0D 13 00 00 08 00 00 21 04 79 00 00 00 00 00 08 00 00 00 00 31 
[18:38:06.413]퉷뫹뫲FF FF 0D 04 02 38 11 A3 FF FF 0D 13 00 00 08 00 00 21 04 79 00 00 00 00 00 08 00 00 00 00 31 
[18:38:06.462]퉷뫹뫲FF FF 0D 04 02 38 11 A3 FF FF 0D 13 00 00 08 00 00 21 04 79 00 00 00 00 00 08 00 00 00 00 31 
[18:38:06.512]퉷뫹뫲FF FF 0D 04 02 38 11 A3 FF FF 0D 13 00 00 08 00 00 21 04 79 00 00 00 00 00 08 00 00 00 00 31 
[18:38:06.562]퉷뫹뫲FF FF 0D 04 02 38 11 A3 FF FF 0D 13 00 00 08 00 00 21 04 79 00 00 00 00 00 08 00 00 00 00 31 
[18:38:06.612]퉷뫹뫲FF FF 0D 04 02 38 11 A3 FF FF 0D 13 00 00 08 00 00 21 04 79 00 00 00 00 00 08 00 00 00 00 31 
[18:38:06.662]퉷뫹뫲FF FF 0D 04 02 38 11 A3 FF FF 0D 13 00 00 08 00 00 21 04 79 00 00 00 00 00 08 00 00 00 00 31 
[18:38:06.712]퉷뫹뫲FF FF 0D 04 02 38 11 A3 FF FF 0D 13 00 00 08 00 00 21 04 79 00 00 00 00 00 08 00 00 00 00 31 
[18:38:06.762]퉷뫹뫲FF FF 0D 04 02 38 11 A3 FF FF 0D 13 00 00 08 00 00 21 04 79 00 00 00 00 00 08 00 00 00 00 31 
[18:38:06.813]퉷뫹뫲FF FF 0D 04 02 38 11 A3 FF FF 0D 13 00 00 08 00 00 21 04 79 00 00 00 00 00 08 00 00 00 00 31 
[18:38:06.862]퉷뫹뫲FF FF 0D 04 02 38 11 A3 FF FF 0D 13 00 00 08 00 00 21 04 79 00 00 00 00 00 08 00 00 00 00 31 
[18:38:06.912]퉷뫹뫲FF FF 0D 04 02 38 11 A3 FF FF 0D 13 00 00 08 00 00 21 04 79 00 00 00 00 00 08 00 00 00 00 31 
[18:38:06.962]퉷뫹뫲FF FF 0D 04 02 38 11 A3 FF FF 0D 13 00 00 08 00 00 21 04 79 00 00 00 00 00 08 00 00 00 00 31 
[18:38:07.013]퉷뫹뫲FF FF 0D 04 02 38 11 A3 FF FF 0D 13 00 00 08 00 00 21 04 79 00 00 00 00 00 08 00 00 00 00 31 
[18:38:07.063]퉷뫹뫲FF FF 0D 04 02 38 11 A3 FF FF 0D 13 00 00 08 00 00 21 04 79 00 00 00 00 00 08 00 00 00 00 31 
[18:38:07.114]퉷뫹뫲FF FF 0D 04 02 38 11 A3 FF FF 0D 13 00 00 08 00 00 21 04 79 00 00 00 00 00 08 00 00 00 00 31 
[18:38:07.162]퉷뫹뫲FF FF 0D 04 02 38 11 A3 FF FF 0D 13 00 00 08 00 00 21 04 78 00 00 00 00 00 08 00 00 00 00 32 
[18:38:07.212]퉷뫹뫲FF FF 0D 04 02 38 11 A3 FF FF 0D 13 00 00 08 00 00 21 04 79 00 00 00 00 00 08 00 00 00 00 31 
[18:38:07.262]퉷뫹뫲FF FF 0D 04 02 38 11 A3 FF FF 0D 13 00 00 08 00 00 21 04 79 00 00 00 00 00 08 00 00 00 00 31 
[18:38:07.312]퉷뫹뫲FF FF 0D 04 02 38 11 A3 FF FF 0D 13 00 00 08 00 00 21 04 79 00 00 00 00 00 08 00 00 00 00 31 
[18:38:07.362]퉷뫹뫲FF FF 0D 04 02 38 11 A3 FF FF 0D 13 00 00 08 00 00 21 04 79 00 00 00 00 00 08 00 00 00 00 31 
[18:38:07.412]퉷뫹뫲FF FF 0D 04 02 38 11 A3 FF FF 0D 13 00 00 08 00 00 21 04 79 00 00 00 00 00 08 00 00 00 00 31 
[18:38:07.462]퉷뫹뫲FF FF 0D 04 02 38 11 A3 FF FF 0D 13 00 00 08 00 00 21 04 79 00 00 00 00 00 08 00 00 00 00 31 
[18:38:07.512]퉷뫹뫲FF FF 0D 04 02 38 11 A3 FF FF 0D 13 00 00 08 00 00 21 04 79 00 00 00 00 00 08 00 00 00 00 31 
[18:38:07.563]퉷뫹뫲FF FF 0D 04 02 38 11 A3 FF FF 0D 13 00 00 08 00 00 21 04 79 00 00 00 00 00 08 00 00 00 00 31 
[18:38:07.612]퉷뫹뫲FF FF 0D 04 02 38 11 A3 FF FF 0D 13 00 00 08 00 00 21 04 79 00 00 00 00 00 08 00 00 00 00 31 
[18:38:07.662]퉷뫹뫲FF FF 0D 04 02 38 11 A3 FF FF 0D 13 00 00 08 00 00 21 04 79 00 00 00 00 00 08 01 00 00 00 30 
[18:38:07.712]퉷뫹뫲FF FF 0D 04 02 38 11 A3 FF FF 0D 13 00 00 08 00 00 21 04 79 00 00 00 00 00 08 00 00 00 00 31 
[18:38:07.762]퉷뫹뫲FF FF 0D 04 02 38 11 A3 FF FF 0D 13 00 00 08 00 00 21 04 78 00 00 00 00 00 08 00 00 00 00 32 
[18:38:07.812]퉷뫹뫲FF FF 0D 04 02 38 11 A3 FF FF 0D 13 00 00 08 00 00 21 04 78 00 00 00 00 00 08 00 00 00 00 32 
[18:38:07.862]퉷뫹뫲FF FF 0D 04 02 38 11 A3 FF FF 0D 13 00 00 08 00 00 21 04 79 00 00 00 00 00 08 00 00 00 00 31 
[18:38:07.912]퉷뫹뫲FF FF 0D 04 02 38 11 A3 FF FF 0D 13 00 00 08 00 00 21 04 79 00 00 00 00 00 08 00 00 00 00 31 
[18:38:07.962]퉷뫹뫲FF FF 0D 04 02 38 11 A3 FF FF 0D 13 00 00 08 00 00 21 04 79 00 00 00 00 00 08 00 00 00 00 31 
[18:38:08.013]퉷뫹뫲FF FF 0D 04 02 38 11 A3 FF FF 0D 13 00 00 08 00 00 21 04 79 00 00 00 00 00 08 00 00 00 00 31 
[18:38:08.062]퉷뫹뫲FF FF 0D 04 02 38 11 A3 FF FF 0D 13 00 00 08 00 00 21 04 79 00 00 00 00 00 08 00 00 00 00 31 
[18:38:08.112]퉷뫹뫲FF FF 0D 04 02 38 11 A3 FF FF 0D 13 00 00 08 00 00 21 04 79 00 00 00 00 00 08 00 00 00 00 31 
[18:38:08.163]퉷뫹뫲FF FF 0D 04 02 38 11 A3 FF FF 0D 13 00 00 08 00 00 21 04 79 00 00 00 00 00 08 00 00 00 00 31 