Id,Time[ns],0:UART: RX/TX
1,6236850.00,FF
2,6247900.00,FF
3,6258900.00,01
4,6269950.00,04
5,6280950.00,02
6,6292000.00,38
7,6306050.00,11
8,6368150.00,AF
9,6414850.00,FF
10,6424850.00,FF
11,6434850.00,01
12,6444850.00,13
13,6454850.00,00
14,6464900.00,0F
15,6474900.00,08
16,6484900.00,00
17,6494900.00,00
18,6504900.00,00
19,6514900.00,00
20,6524900.00,30
21,6534950.00,16
22,6544950.00,00
23,6554950.00,00
24,6564950.00,00
25,6574950.00,0F
26,6584950.00,08
27,6594950.00,00
28,6605000.00,00
29,6615000.00,00
30,6625000.00,00
31,6635000.00,77
32,56779400.00,FF
33,56790400.00,FF
34,56801400.00,01
35,56812450.00,04
36,56823450.00,02
37,56834450.00,38
38,56993750.00,11
39,57048850.00,AF
40,57090900.00,FF
41,57100900.00,BF
42,57110900.00,01
43,57120900.00,13
44,57130900.00,00
45,57140600.00,03
46,57150950.00,00
47,57170250.00,00
48,57207850.00,02
49,57220700.00,00
50,57231000.00,00
51,57256000.00,00
52,57266000.00,00
53,57290850.00,00
54,57301050.00,00
55,57314600.00,00
56,57327400.00,00
57,57340300.00,00
58,57353150.00,00
59,57366000.00,26
60,106477550.00,FF
61,106488600.00,FF
62,106499600.00,01
63,106510650.00,04
64,106521650.00,02
65,106532700.00,38
66,106560750.00,11
67,106622850.00,AF
68,106668300.00,FF
69,106678300.00,FF
70,106688300.00,01
71,106698300.00,13
72,106708300.00,00
73,106718350.00,0F
74,106728350.00,08
75,106738350.00,00
76,106748350.00,00
77,106758350.00,00
78,106768350.00,00
79,106778400.00,30
80,106788400.00,16
81,106798400.00,00
82,106808400.00,00
83,106818400.00,00
84,106828400.00,0F
85,106838450.00,08
86,106848450.00,00
87,106858450.00,00
88,106868450.00,00
89,106878450.00,00
90,106888450.00,77
91,156052000.00,FF
92,156063000.00,FF
93,156074050.00,01
94,156086050.00,04
95,156097100.00,02
96,156108100.00,38
97,156206300.00,11
98,156273450.00,AF
99,156318800.00,FF
100,156328800.00,FF
101,156338800.00,01
102,156348800.00,13
103,156358850.00,00
104,156370900.00,42
105,156388850.00,00
106,156398850.00,00
107,156434200.00,09
108,156444900.00,00
109,156468800.00,00
110,156478900.00,03
111,156518950.00,00
112,156546950.00,00
113,156559750.00,00
114,156572600.00,00
115,156585450.00,26
116,205965300.00,FF
117,205976300.00,FF
118,205987350.00,01
119,205998350.00,04
120,206009350.00,02
121,206020400.00,38
122,206080500.00,11
123,206137600.00,AF
124,206182550.00,FF
125,206192550.00,FF
126,206202600.00,01
127,206212600.00,13
128,206222600.00,00
129,206232600.00,0F
130,206242600.00,08
131,206252650.00,00
132,206262650.00,00
133,206272650.00,00
134,206282650.00,00
135,206292700.00,30
136,206302700.00,16
137,206312700.00,00
138,206322700.00,00
139,206332750.00,00
140,206342750.00,0F
141,206352750.00,08
142,206362750.00,00
143,206372750.00,00
144,206382800.00,00
145,206392800.00,00
146,206402800.00,77
147,255921850.00,FF
148,255932850.00,FF
149,255943900.00,01
150,255954900.00,04
151,255965950.00,02
152,255976950.00,38
153,256054100.00,11
154,256109200.00,AF
155,256155950.00,FF
156,256165950.00,FD
157,256175950.00,01
158,256185950.00,03
159,256205550.00,02
160,256236000.00,00
161,256246000.00,00
162,256273050.00,82
163,256305400.00,00
164,256316050.00,01
165,256356100.00,00
166,256366100.00,00
167,256384100.00,00
168,256396350.00,00
169,256409200.00,00
170,256422050.00,26
171,306167800.00,FF
172,306178800.00,FF
173,306189850.00,01
174,306200850.00,04
175,306211900.00,02
176,306222900.00,38
177,306261000.00,11
178,306353200.00,AF
179,306390600.00,7F
180,306403450.00,EF
181,306416300.00,01
182,306428200.00,02
183,306438200.00,00
184,306451900.00,10
185,306463200.00,08
186,306497350.00,00
187,306508200.00,00
188,306518250.00,02
189,306528000.00,00
190,306560250.00,00
191,306577450.00,00
192,306588300.00,00
193,306598300.00,00
194,306622350.00,00
195,306634750.00,00
196,306647600.00,26
197,356136800.00,FF
198,356147800.00,FF
199,356158850.00,01
200,356169850.00,04
201,356180900.00,02
202,356191900.00,38
203,356218950.00,11
204,356290100.00,AF
205,356336550.00,FF
206,356346550.00,F7
207,356356550.00,01
208,356366550.00,13
209,356386550.00,02
210,356416250.00,00
211,356426600.00,00
212,356453600.00,20
213,356476650.00,00
214,356506250.00,00
215,356516650.00,00
216,356536700.00,00
217,356560700.00,01
218,356573450.00,00
219,356586300.00,00
220,356599150.00,26
221,406178150.00,FF
222,406189200.00,FF
223,406200200.00,01
224,406211250.00,04
225,406222250.00,02
226,406233300.00,38
227,406255350.00,11
228,406311450.00,AF
229,406353850.00,FF
230,406363850.00,FF
231,406373850.00,01
232,406383850.00,13
233,406393850.00,00
234,406403900.00,0F
235,406413900.00,08
236,406423900.00,00
237,406433900.00,00
238,406443900.00,00
239,406453900.00,00
240,406463950.00,30
241,406473950.00,16
242,406483950.00,00
243,406493950.00,00
244,406503950.00,00
245,406513950.00,0F
246,406524000.00,08
247,406534000.00,00
248,406544000.00,00
249,406554000.00,00
250,406564000.00,00
251,406574000.00,77
252,455948700.00,FF
253,455959700.00,FF
254,455970750.00,01
255,455981750.00,04
256,455992750.00,02
257,456003800.00,38
258,456020800.00,11
259,456077900.00,AF
260,456122200.00,FF
261,456132200.00,DF
262,456142200.00,01
263,456152200.00,13
264,456162200.00,00
265,456171950.00,03
266,456182250.00,00
267,456201600.00,00
268,456238200.00,04
269,456248300.00,00
270,456261900.00,00
271,456272300.00,00
272,456286650.00,00
273,456297300.00,00
274,456322200.00,00
275,456332350.00,00
276,456345950.00,00
277,456358750.00,00
278,456371600.00,00
279,456384450.00,00
280,456397300.00,26
281,506341250.00,FF
282,506352300.00,FF
283,506363300.00,01
284,506374300.00,04
285,506385350.00,02
286,506396350.00,38
287,506413400.00,11
288,506473500.00,AF
289,506519350.00,FF
290,506529350.00,FF
291,506539350.00,01
292,506549350.00,13
293,506559350.00,00
294,506569350.00,0F
295,506579400.00,08
296,506589400.00,00
297,506599400.00,00
298,506609400.00,00
299,506619400.00,00
300,506629450.00,30
301,506639450.00,16
302,506649450.00,00
303,506659450.00,00
304,506669450.00,00
305,506679450.00,0F
306,506689500.00,08
307,506699500.00,00
308,506709500.00,00
309,506719500.00,00
310,506729500.00,00
311,506739500.00,77
312,555961600.00,FF
313,555972650.00,FF
314,555983650.00,01
315,555994700.00,04
316,556005700.00,02
317,556016750.00,38
318,556037750.00,11
319,556108900.00,AF
320,556152600.00,FF
321,556162600.00,7F
322,556172600.00,01
323,556182600.00,13
324,556192600.00,00
325,556202600.00,0D
326,556216900.00,00
327,556232650.00,00
328,556242650.00,00
329,556269650.00,30
330,556282200.00,00
331,556292650.00,00
332,556317700.00,00
333,556327700.00,00
334,556352400.00,00
335,556362700.00,00
336,556376100.00,00
337,556388950.00,00
338,556401800.00,00
339,556414650.00,00
340,556427500.00,26
341,606531500.00,FF
342,606542500.00,FF
343,606553550.00,01
344,606564550.00,04
345,606575550.00,02
346,606586600.00,38
347,606691750.00,11
348,606756900.00,AF
349,606801550.00,FF
350,606811550.00,FF
351,606821550.00,01
352,606831550.00,13
353,606841550.00,00
354,606851550.00,0F
355,606861550.00,08
356,606871600.00,00
357,606881600.00,00
358,606891600.00,00
359,606901600.00,00
360,606911600.00,30
361,606921600.00,16
362,606931600.00,00
363,606941600.00,00
364,606951600.00,00
365,606961600.00,0F
366,606971650.00,08
367,606981650.00,00
368,606991650.00,00
369,607001650.00,00
370,607011650.00,00
371,607021650.00,77
372,617062400.00,00
373,617495450.00,0B
374,656688850.00,FF
375,656699900.00,FF
376,656710900.00,01
377,656721900.00,04
378,656732950.00,02
379,656743950.00,38
380,656793050.00,11
381,656885200.00,AF
382,656931750.00,FF
383,656941750.00,F7
384,656951750.00,01
385,656961750.00,13
386,656981800.00,04
387,656996250.00,10
388,657011800.00,00
389,657047900.00,04
390,657057850.00,00
391,657071650.00,00
392,657081900.00,00
393,657095400.00,00
394,657106900.00,00
395,657130950.00,00
396,657141850.00,00
397,657151950.00,03
398,657165550.00,00
399,657178400.00,00
400,657191250.00,00
401,657204100.00,26
402,706594100.00,FF
403,706605100.00,FF
404,706616150.00,01
405,706627150.00,04
406,706638150.00,02
407,706649200.00,38
408,706681250.00,11
409,706750400.00,AF
410,706796200.00,FF
411,706806200.00,FF
412,706816200.00,01
413,706826200.00,13
414,706836200.00,00
415,706846250.00,0F
416,706856250.00,08
417,706866250.00,00
418,706876250.00,00
419,706886250.00,00
420,706896250.00,00
421,706906300.00,30
422,706916300.00,16
423,706926300.00,00
424,706936300.00,00
425,706946300.00,00
426,706956350.00,0F
427,706966350.00,08
428,706976350.00,00
429,706986350.00,00
430,706996350.00,00
431,707006350.00,00
432,707016400.00,77
433,756674300.00,FF
434,756685300.00,FF
435,756696350.00,01
436,756707350.00,04
437,756718350.00,02
438,756729400.00,38
439,756773450.00,11
440,756881650.00,AF
441,756925000.00,FF
442,756935050.00,EF
443,756945050.00,01
444,756955050.00,13
445,756965050.00,00
446,756977100.00,42
447,756995050.00,00
448,757005100.00,00
449,757040350.00,09
450,757051100.00,00
451,757084850.00,00
452,757095150.00,00
453,757125150.00,00
454,757135200.00,00
455,757152100.00,00
456,757164900.00,00
457,757177750.00,00
458,757190600.00,26
459,806745400.00,FF
460,806756450.00,FF
461,806767450.00,01
462,806778450.00,04
463,806789500.00,02
464,806800500.00,38
465,806882650.00,11
466,806945800.00,AF
467,806990750.00,FF
468,807000750.00,FF
469,807010750.00,01
470,807020750.00,13
471,807030750.00,00
472,807040750.00,0F
473,807050750.00,08
474,807060750.00,00
475,807070750.00,00
476,807080800.00,00
477,807090800.00,00
478,807100800.00,30
479,807110800.00,16
480,807120800.00,00
481,807130800.00,00
482,807140800.00,00
483,807150850.00,0F
484,807160850.00,08
485,807170850.00,00
486,807180850.00,00
487,807190850.00,00
488,807200850.00,00
489,807210850.00,77
490,856808250.00,FF
491,856819250.00,FF
492,856830300.00,01
493,856841300.00,04
494,856852300.00,02
495,856863350.00,38
496,856910400.00,11
497,856966500.00,AF
498,857011300.00,FF
499,857021300.00,FF
500,857031350.00,01
501,857041350.00,13
502,857051350.00,00
503,857061350.00,0F
504,857071350.00,08
505,857081350.00,00
506,857091350.00,00
507,857101400.00,00
508,857111400.00,00
509,857121400.00,30
510,857131400.00,16
511,857141400.00,00
512,857151400.00,00
513,857161400.00,00
514,857171400.00,0F
515,857181200.00,08
516,857191450.00,00
517,857210850.00,00
518,857231450.00,51
519,857242450.00,18
520,857259250.00,00
521,857272100.00,0F
522,857284950.00,00
523,857297800.00,2C
524,857310650.00,00
525,857323500.00,00
526,857336350.00,00
527,857349200.00,00
528,857362050.00,3A
529,857374900.00,0B
530,857387750.00,00
531,857400600.00,00
532,857413450.00,00
533,857426300.00,00
534,857439150.00,26
535,906024400.00,FF
536,906035450.00,FF
537,906046450.00,01
538,906057500.00,04
539,906069500.00,02
540,906080550.00,38
541,906093550.00,11
542,906158700.00,AF
543,906200450.00,FF
544,906210450.00,FF
545,906220450.00,01
546,906230450.00,13
547,906240500.00,00
548,906250500.00,0F
549,906260500.00,08
550,906270500.00,00
551,906280500.00,00
552,906290500.00,00
553,906300500.00,00
554,906310500.00,30
555,906320500.00,16
556,906330500.00,00
557,906340550.00,00
558,906350550.00,00
559,906360550.00,0F
560,906370550.00,08
561,906380550.00,00
562,906390550.00,00
563,906400550.00,00
564,906410550.00,00
565,906420600.00,77
566,956496550.00,FF
567,956507550.00,FF
568,956518600.00,01
569,956529600.00,04
570,956540650.00,02
571,956551650.00,38
572,956568700.00,11
573,956632800.00,AF
574,956679700.00,FF
575,956689700.00,FF
576,956699700.00,01
577,956709700.00,13
578,956731550.00,00
579,956749750.00,00
580,956769750.00,00
581,956796800.00,30
582,956819800.00,00
583,956849800.00,00
584,956859850.00,00
585,956879850.00,00
586,956889850.00,00
587,956907550.00,00
588,956920400.00,00
589,956933250.00,00
590,956946100.00,26
